TERM	0	主観的動機	0,0,0	0
TERM	1	意味	0,5,9	0
TERM	2	意味	1,159,248	0
TERM	3	語用論的制約	0,7,14	0
TERM	4	利用	0,11,20	0
TERM	5	語用論的制約の利用	0,7,14	0
TERM	6	日本語複文	0,13,24	0
TERM	7	理解システム〜	0,17,29	0
TERM	8	接続	0,27,47	0
TERM	9	中心	0,29,49	0
TERM	10	我々	1,0,0	0
TERM	11	接続助詞	1,3,4	0
TERM	12	接続助詞	1,14,20	0
TERM	13	順接	1,10,15	0
TERM	14	複文	1,12,17	0
TERM	15	複文	1,23,33	0
TERM	16	複文	1,71,106	0
TERM	17	複文	1,127,192	1
TERM	18	逆接	1,21,31	0
TERM	19	対象	1,25,35	0
TERM	20	理解システム	1,28,40	0
TERM	21	理解システム	1,178,280	4
TERM	22	計算機上	1,31,46	0
TERM	23	計算機上	1,181,286	0
TERM	24	構築	1,35,51	0
TERM	25	構築	1,185,291	0
TERM	26	こと	1,37,55	0
TERM	27	こと	1,87,133	0
TERM	28	こと	1,117,178	0
TERM	29	こと	1,156,243	0
TERM	30	目的	1,39,57	0
TERM	31	この際	1,43,63	0
TERM	32	ゼロ代名詞	1,47,69	0
TERM	33	照応	1,50,74	0
TERM	34	ゼロ代名詞の照応	1,47,69	0
TERM	35	解析	1,52,76	0
TERM	36	照応の解析	1,50,74	0
TERM	37	問題	1,55,82	0
TERM	38	文献	1,60,89	0
TERM	39	本論文	1,65,98	0
TERM	40	形式	1,69,104	0
TERM	41	動機保持者	1,74,110	0
TERM	42	語用論的役割	1,79,118	0
TERM	43	語用論的役割	1,104,160	0
TERM	44	定義	1,84,127	0
TERM	45	従属節	1,91,139	0
TERM	46	主節それぞれ	1,94,143	0
TERM	47	設定	1,98,150	0
TERM	48	意味役割	1,101,155	0
TERM	49	間	1,108,166	0
TERM	50	関係	1,110,167	0
TERM	51	間の関係	1,108,166	0
TERM	52	制約	1,112,169	0
TERM	53	制約	1,166,260	0
TERM	54	関係の制約	1,110,167	0
TERM	55	記述	1,115,174	0
TERM	56	記述	1,142,215	0
TERM	57	日本語	1,124,189	0
TERM	58	形態素解析	1,130,198	3
TERM	59	構文解析	1,134,204	3
TERM	60	結果	1,137,208	0
TERM	61	結果	1,146,221	0
TERM	62	素性構造	1,139,210	2
TERM	63	制約論理プログラミング	1,149,227	3
TERM	64	手法	1,153,238	0
TERM	65	語用論的役割間	1,161,253	0
TERM	66	語用論的役割間の制約	1,161,253	0
TERM	67	解消	1,168,262	0
TERM	68	制約の解消	1,166,260	4
TERM	69	ゼロ代名詞照応	1,171,266	0
TERM	70	分析	1,176,276	0
REL	17	58	2
REL	17	59	2
REL	58	62	1
REL	59	62	1
REL	62	63	2
REL	63	21	3
REL	63	68	3
