TERM	0	文章内構造	0,0,0	2
TERM	1	複合	0,4,5	0
TERM	2	文章内構造の複合	0,0,0	0
TERM	3	利用	0,6,9	0
TERM	4	利用	1,77,137	0
TERM	5	論説文要約システムGREEN	0,8,13	4
TERM	6	論説文要約システムGREEN	1,99,169	4
TERM	7	日本語文章要約システムGREEN	1,0,0	0
TERM	8	報告	1,8,20	0
TERM	9	一般	1,11,25	0
TERM	10	質	1,14,29	0
TERM	11	文章要約	1,17,32	0
TERM	12	ため	1,21,38	0
TERM	13	言語現象	1,29,48	0
TERM	14	言語現象	1,46,85	0
TERM	15	談話解析	1,34,59	0
TERM	16	談話	1,43,79	0
TERM	17	相互	1,49,90	0
TERM	18	関連	1,51,93	0
TERM	19	本研究	1,57,105	0
TERM	20	観点	1,62,112	0
TERM	21	日本語	1,65,117	1
TERM	22	表層的特徴	1,70,125	2
TERM	23	日本語文章	1,80,142	0
TERM	24	要約	1,84,147	0
TERM	25	日本語文章の要約	1,80,142	3
TERM	26	本稿	1,88,153	0
TERM	27	計算機上	1,93,160	0
TERM	28	試作	1,97,165	0
TERM	29	論説文要約	1,112,198	3
TERM	30	手法	1,116,203	0
TERM	31	紹介	1,118,205	0
TERM	32	手法の紹介	1,116,203	0
TERM	33	出力	1,124,215	0
TERM	34	文章	1,127,220	0
TERM	35	評価	1,129,222	0
TERM	36	文章の評価	1,127,220	0
REL	0	5	3
REL	21	22	1
REL	22	25	2
REL	29	6	3
REL	25	29	5
