TERM	0	名詞間	0,0,0	0
TERM	1	名詞間	1,66,120	0
TERM	2	名詞間	1,150,264	0
TERM	3	名詞間	1,183,313	0
TERM	4	名詞間	1,232,389	0
TERM	5	意味的共起情報	0,3,3	2
TERM	6	意味的共起情報	1,153,267	2
TERM	7	複合名詞	0,9,13	0
TERM	8	複合名詞	1,0,0	0
TERM	9	複合名詞	1,39,76	0
TERM	10	複合名詞	1,53,100	0
TERM	11	複合名詞	1,159,277	0
TERM	12	複合名詞	1,267,436	0
TERM	13	複合名詞	1,286,475	0
TERM	14	解析	0,12,17	0
TERM	15	解析	1,42,80	0
TERM	16	解析	1,164,283	0
TERM	17	解析	1,289,479	0
TERM	18	解析	1,307,507	0
TERM	19	解析	1,326,533	0
TERM	20	複合名詞の解析	0,9,13	4
TERM	21	複合名詞の解析	1,39,76	0
TERM	22	複合名詞の解析	1,286,475	4
TERM	23	名詞	1,3,5	0
TERM	24	名詞	1,34,66	0
TERM	25	名詞	1,61,113	0
TERM	26	結合	1,5,7	0
TERM	27	名詞の結合	1,3,5	0
TERM	28	こと	1,7,11	0
TERM	29	こと	1,22,40	0
TERM	30	こと	1,118,206	0
TERM	31	こと	1,135,236	0
TERM	32	生成	1,12,22	0
TERM	33	辞書	1,18,33	0
TERM	34	辞書	1,28,56	0
TERM	35	登録	1,20,36	0
TERM	36	登録	1,30,59	0
TERM	37	組み合わせ	1,36,68	0
TERM	38	手法	1,44,84	0
TERM	39	ため	1,49,95	0
TERM	40	ため	1,91,159	0
TERM	41	ため	1,123,216	0
TERM	42	ため	1,246,406	0
TERM	43	ため	1,294,486	0
TERM	44	構成	1,58,107	0
TERM	45	分割	1,63,116	0
TERM	46	係り受け構造	1,69,123	0
TERM	47	同定	1,73,129	0
TERM	48	係り受け構造の同定	1,69,123	0
TERM	49	処理	1,83,145	0
TERM	50	処理	1,181,309	0
TERM	51	統語	1,85,148	0
TERM	52	手係り	1,87,152	0
TERM	53	意味	1,97,170	0
TERM	54	情報	1,99,174	0
TERM	55	大規模	1,105,187	0
TERM	56	意味的情報	1,108,191	0
TERM	57	人手	1,112,196	0
TERM	58	構築	1,114,199	0
TERM	59	保守	1,116,202	0
TERM	60	コスト	1,120,209	0
TERM	61	計算機	1,125,219	0
TERM	62	自動	1,129,226	0
TERM	63	自動	1,146,256	0
TERM	64	知識	1,131,230	0
TERM	65	獲得	1,133,232	0
TERM	66	知識の獲得	1,131,230	0
TERM	67	本論文	1,139,244	0
TERM	68	コーパス	1,144,250	1
TERM	69	抽出	1,148,260	0
TERM	70	抽出	1,222,369	0
TERM	71	抽出	1,225,374	0
TERM	72	抽出	1,301,497	0
TERM	73	構造	1,162,281	0
TERM	74	構造	1,270,440	0
TERM	75	構造の解析	1,162,281	4
TERM	76	方法	1,166,287	0
TERM	77	方法	1,172,296	0
TERM	78	提案	1,168,289	0
TERM	79	提案	1,261,426	0
TERM	80	方法の提案	1,166,287	0
TERM	81	共起情報	1,176,301	2
TERM	82	統計	1,179,305	0
TERM	83	統計	1,230,385	0
TERM	84	共起情報の統計	1,176,301	0
TERM	85	意味的関係	1,186,316	0
TERM	86	意味的関係	1,235,392	2
TERM	87	名詞間の意味的関係	1,183,313	2
TERM	88	名詞間の意味的関係	1,232,389	0
TERM	89	強さ	1,190,321	0
TERM	90	強さ	1,239,397	0
TERM	91	評価	1,193,323	0
TERM	92	評価	1,292,484	0
TERM	93	強さの評価	1,190,321	0
TERM	94	係り受け関係	1,196,327	0
TERM	95	曖昧性解消	1,200,333	3
TERM	96	係り受け関係の曖昧性解消	1,196,327	0
TERM	97	利用	1,204,339	0
TERM	98	4文字漢字語16万語	1,209,347	1
TERM	99	意味クラス	1,216,359	0
TERM	100	共起データ	1,219,364	2
TERM	101	共起データ	1,227,378	2
TERM	102	共起データの抽出	1,219,364	0
TERM	103	計算	1,242,399	0
TERM	104	強さの計算	1,239,397	0
TERM	105	尺度	1,248,408	0
TERM	106	尺度	1,265,433	3
TERM	107	相互情報量	1,251,413	3
TERM	108	基	1,255,418	0
TERM	109	評価尺度	1,258,422	3
TERM	110	評価尺度の提案	1,258,422	0
TERM	111	ヒューリスティクス	1,273,446	3
TERM	112	機械可読辞書	1,275,456	1
TERM	113	言語知識	1,282,468	2
TERM	114	新聞	1,296,489	0
TERM	115	用語集	1,298,492	0
TERM	116	漢字複合名詞	1,303,501	0
TERM	117	漢字複合名詞	1,316,520	0
TERM	118	漢字複合名詞の解析	1,303,501	0
TERM	119	平均語長5.5文字	1,310,511	0
TERM	120	約78%	1,320,526	0
TERM	121	精度	1,324,530	0
REL	5	20	3
REL	68	6	1
REL	6	75	3
REL	81	87	1
REL	87	100	1
REL	101	86	1
REL	107	109	3
REL	109	86	1
REL	106	22	3
REL	106	109	5
REL	111	22	3
REL	112	113	1
REL	113	22	3
