TERM	0	コーパス	0,0,0	1
TERM	1	コーパス	1,4,5	1
TERM	2	動詞	0,3,8	1
TERM	3	動詞	1,8,15	0
TERM	4	動詞	1,35,57	0
TERM	5	多義解消	0,5,10	4
TERM	6	多義解消	1,37,59	0
TERM	7	多義解消	1,67,114	0
TERM	8	動詞の多義解消	0,3,8	0
TERM	9	動詞の多義解消	1,35,57	0
TERM	10	本稿	1,0,0	0
TERM	11	抽出	1,6,11	0
TERM	12	抽出	1,43,69	0
TERM	13	抽出	1,73,124	0
TERM	14	語義情報	1,10,17	2
TERM	15	利用	1,13,21	0
TERM	16	語義情報の利用	1,10,17	0
TERM	17	文中	1,16,25	0
TERM	18	多義語	1,20,32	0
TERM	19	多義語	1,156,260	0
TERM	20	曖昧性	1,22,35	0
TERM	21	解消	1,25,38	0
TERM	22	曖昧性の解消	1,22,35	4
TERM	23	手法	1,27,42	0
TERM	24	手法	1,45,73	0
TERM	25	手法	1,133,225	0
TERM	26	手法	1,184,304	0
TERM	27	提案	1,29,44	0
TERM	28	提案	1,150,247	0
TERM	29	手法の提案	1,27,42	0
TERM	30	先ずコーパス	1,32,49	0
TERM	31	情報	1,41,67	0
TERM	32	情報	1,71,122	0
TERM	33	情報の抽出	1,41,67	0
TERM	34	情報の抽出	1,71,122	0
TERM	35	本手法	1,50,83	0
TERM	36	本手法	1,137,231	0
TERM	37	本手法	1,196,321	0
TERM	38	多義	1,55,89	0
TERM	39	多義	1,91,151	0
TERM	40	判定	1,57,91	0
TERM	41	多義の判定	1,55,89	0
TERM	42	意味	1,60,97	0
TERM	43	意味	1,108,184	0
TERM	44	クラスタリング	1,62,101	3
TERM	45	こと	1,65,111	0
TERM	46	表層上	1,79,133	0
TERM	47	要素	1,85,140	0
TERM	48	要素	1,113,192	0
TERM	49	多義語動詞	1,87,145	1
TERM	50	多義語動詞	1,170,284	0
TERM	51	各意味	1,94,156	0
TERM	52	複数要素	1,98,165	0
TERM	53	対応	1,110,187	0
TERM	54	仮想動詞べクトル	1,115,195	2
TERM	55	分解	1,123,208	0
TERM	56	上	1,125,212	0
TERM	57	クラスタ	1,127,214	0
TERM	58	作成	1,129,218	0
TERM	59	クラスタの作成	1,127,214	3
TERM	60	有効性	1,140,234	0
TERM	61	検証	1,143,237	0
TERM	62	有効性の検証	1,140,234	0
TERM	63	ため	1,145,241	0
TERM	64	丹羽ら	1,147,244	0
TERM	65	丹羽ら	1,181,301	0
TERM	66	丹羽らの提案	1,147,244	0
TERM	67	単語ベクトル	1,152,251	0
TERM	68	解消手法	1,158,263	0
TERM	69	比較実験	1,161,268	0
TERM	70	結果	1,165,276	0
TERM	71	226文	1,176,293	0
TERM	72	平均62.7%	1,186,307	0
TERM	73	正解率	1,191,314	0
TERM	74	正解率	1,204,331	0
TERM	75	71.1%	1,200,326	0
REL	0	5	3
REL	1	14	1
REL	14	22	3
REL	44	59	5
REL	49	54	1
REL	54	59	2
