TERM	0	意味的類似性	0,0,0	3
TERM	1	意味的類似性	1,3,3	0
TERM	2	意味的類似性	1,236,382	0
TERM	3	多義解消	0,5,7	3
TERM	4	多義解消	1,241,389	3
TERM	5	文書検索手法	0,9,14	4
TERM	6	単語間	1,0,0	0
TERM	7	単語間	1,50,83	0
TERM	8	単語間	1,98,161	0
TERM	9	単語間	1,135,215	0
TERM	10	単語間	1,202,328	1
TERM	11	検索	1,9,13	0
TERM	12	類似検索	1,13,19	0
TERM	13	文書検索技術	1,19,28	0
TERM	14	課題	1,26,42	0
TERM	15	一つ	1,28,44	0
TERM	16	一つ	1,158,250	0
TERM	17	類似性	1,32,50	0
TERM	18	従来研究	1,36,57	0
TERM	19	階層構造	1,41,64	0
TERM	20	階層構造	1,82,130	0
TERM	21	平衡	1,44,69	0
TERM	22	平衡	1,85,135	0
TERM	23	シソーラス	1,47,75	0
TERM	24	シソーラス	1,89,142	0
TERM	25	類似度	1,53,86	0
TERM	26	類似度	1,138,218	0
TERM	27	提案	1,56,90	0
TERM	28	提案	1,106,170	0
TERM	29	提案	1,245,396	0
TERM	30	言語翻訳	1,60,95	0
TERM	31	文書検索	1,63,100	0
TERM	32	応用	1,67,107	0
TERM	33	本論文	1,77,124	0
TERM	34	適用	1,92,149	0
TERM	35	より一般	1,95,155	0
TERM	36	意味的類似度	1,101,164	3
TERM	37	意味的類似度	1,149,235	3
TERM	38	意味的類似度の提案	1,101,164	0
TERM	39	本提案	1,109,175	0
TERM	40	各単語	1,113,180	0
TERM	41	概念間	1,117,186	0
TERM	42	最下位共通上位概念	1,120,189	0
TERM	43	下位概念	1,127,202	0
TERM	44	総数	1,130,206	0
TERM	45	ほど	1,133,212	0
TERM	46	筆者ら	1,144,228	0
TERM	47	大規模シソーラス	1,154,242	0
TERM	48	EDRシソーラス	1,161,255	1
TERM	49	類似検索システム	1,166,267	4
TERM	50	実装	1,170,275	0
TERM	51	類似検索システムの実装	1,166,267	4
TERM	52	精度	1,175,284	0
TERM	53	向上	1,177,286	0
TERM	54	向上	1,258,416	0
TERM	55	精度の向上	1,175,284	0
TERM	56	ため	1,180,291	0
TERM	57	単語	1,183,295	0
TERM	58	単語	1,210,337	1
TERM	59	多義解消手法	1,185,297	3
TERM	60	検索システム	1,190,305	4
TERM	61	導入	1,193,312	0
TERM	62	本類似検索システム	1,196,317	4
TERM	63	物理的近さ	1,205,331	2
TERM	64	重要度	1,212,339	2
TERM	65	拡張論理型	1,216,345	0
TERM	66	従来システム	1,220,350	3
TERM	67	従来システム	1,227,366	0
TERM	68	比較実験	1,231,374	0
TERM	69	類似検索手法	1,247,398	0
TERM	70	再現率・適合率	1,252,408	0
TERM	71	こと	1,260,420	0
TERM	72	確認	1,262,422	0
TERM	73	ことの確認	1,260,420	0
REL	0	5	3
REL	3	5	3
REL	37	49	3
REL	37	51	3
REL	49	51	5
REL	48	49	2
REL	48	51	2
REL	59	60	3
REL	49	60	5
REL	60	62	5
REL	10	63	1
REL	58	64	1
REL	63	66	2
REL	64	66	2
REL	66	62	3
