TERM	0	コンパラブルコーパス	0,0,0	1
TERM	1	対訳辞書	0,2,11	1
TERM	2	対訳辞書	1,22,46	1
TERM	3	対訳辞書	1,155,304	0
TERM	4	日英クロス言語検索	0,6,18	4
TERM	5	クロス言語検索手法GDMAX	1,0,0	4
TERM	6	日本語入力	1,7,16	1
TERM	7	英語ドキュメント	1,11,23	0
TERM	8	英語ドキュメント	1,129,260	0
TERM	9	検索	1,14,31	0
TERM	10	英語ドキュメントの検索	1,11,23	3
TERM	11	GDMAX	1,19,39	0
TERM	12	入力キュエリ	1,26,54	1
TERM	13	翻訳キュエリ候補	1,29,62	2
TERM	14	翻訳キュエリ候補	1,75,154	0
TERM	15	生成	1,33,70	0
TERM	16	生成	1,57,119	0
TERM	17	翻訳キュエリ候補の生成	1,29,62	3
TERM	18	キュエリ	1,36,74	0
TERM	19	言語	1,40,85	0
TERM	20	コーパス	1,42,87	0
TERM	21	キュエリターム	1,45,95	0
TERM	22	共起頻度	1,47,102	0
TERM	23	成分	1,50,106	0
TERM	24	共起頻度ベクトル	1,53,111	0
TERM	25	共起頻度ベクトルの生成	1,53,111	0
TERM	26	入力共起頻度ベクトル	1,60,124	2
TERM	27	翻訳共起頻度ベクトル	1,65,135	2
TERM	28	距離	1,71,147	0
TERM	29	ランキング	1,79,162	3
TERM	30	上位	1,82,169	0
TERM	31	英語キュエリ集合	1,84,171	0
TERM	32	上位の英語キュエリ集合	1,82,169	0
TERM	33	検索キュエリ	1,88,179	2
TERM	34	手法	1,94,191	0
TERM	35	対訳	1,101,201	0
TERM	36	複数	1,106,211	0
TERM	37	訳語集合	1,108,213	0
TERM	38	複数の訳語集合	1,106,211	0
TERM	39	英語キュエリ	1,111,217	0
TERM	40	こと	1,116,228	0
TERM	41	こと	1,185,351	0
TERM	42	ウォールストリートジャーナル	1,120,235	0
TERM	43	AP通信	1,124,250	0
TERM	44	適合率	1,133,272	0
TERM	45	再現率	1,136,276	0
TERM	46	評価	1,139,280	0
TERM	47	ところ	1,141,284	0
TERM	48	理想訳	1,143,288	0
TERM	49	約62%	1,147,295	0
TERM	50	精度	1,151,299	0
TERM	51	精度	1,182,347	0
TERM	52	すべて	1,158,308	0
TERM	53	訳語候補	1,160,311	0
TERM	54	場合	1,164,318	0
TERM	55	12%	1,167,324	0
TERM	56	機械翻訳	1,170,328	0
TERM	57	訳語選択	1,174,335	0
TERM	58	6%高	1,178,343	0
REL	0	4	3
REL	1	4	3
REL	6	10	2
REL	10	5	3
REL	12	13	1
REL	2	17	2
REL	12	26	1
REL	13	27	1
REL	26	29	2
REL	27	29	2
REL	29	33	1
