TERM	0	意味的類似性	0,0,0	0
TERM	1	意味的類似性	1,115,188	3
TERM	2	音声認識正解部分	0,6,9	0
TERM	3	特定法	0,11,17	0
TERM	4	正解部分	0,14,21	0
TERM	5	正解部分	1,158,257	0
TERM	6	正解部分	1,219,354	0
TERM	7	正解部分	1,262,433	0
TERM	8	翻訳	0,17,27	0
TERM	9	音声翻訳手法	0,19,31	0
TERM	10	音声対話	1,0,0	0
TERM	11	音声翻訳システム	1,3,7	0
TERM	12	音声翻訳システム	1,147,238	4
TERM	13	実現	1,7,15	0
TERM	14	音声翻訳システムの実現	1,3,7	0
TERM	15	ため	1,9,19	0
TERM	16	ため	1,37,60	0
TERM	17	自由発話文	1,13,24	0
TERM	18	音声認識誤り文	1,17,29	0
TERM	19	解析誤り	1,23,40	0
TERM	20	問題	1,26,44	0
TERM	21	解決	1,28,46	0
TERM	22	解決	1,35,58	0
TERM	23	問題の解決	1,26,44	0
TERM	24	文法以外	1,40,64	0
TERM	25	制約	1,43,68	0
TERM	26	文法以外の制約	1,40,64	0
TERM	27	積極	1,45,70	0
TERM	28	認識誤り文	1,48,77	0
TERM	29	認識	1,53,87	0
TERM	30	認識	1,127,208	0
TERM	31	部分	1,56,92	0
TERM	32	部分	1,69,113	0
TERM	33	部分	1,78,127	0
TERM	34	部分	1,130,213	0
TERM	35	部分	1,203,332	0
TERM	36	部分	1,212,345	0
TERM	37	部分	1,228,371	0
TERM	38	部分	1,287,478	0
TERM	39	特定	1,58,94	0
TERM	40	特定	1,66,108	0
TERM	41	特定	1,74,119	0
TERM	42	特定	1,132,215	3
TERM	43	特定	1,200,327	0
TERM	44	特定	1,210,341	0
TERM	45	特定	1,225,366	0
TERM	46	特定	1,259,428	0
TERM	47	部分の特定	1,56,92	0
TERM	48	部分の特定	1,130,213	0
TERM	49	しくみ	1,60,98	0
TERM	50	導入	1,63,104	0
TERM	51	導入	1,151,247	0
TERM	52	或	1,71,116	0
TERM	53	修復	1,80,129	0
TERM	54	部分の修復	1,78,127	0
TERM	55	文	1,84,136	0
TERM	56	解析	1,86,137	0
TERM	57	文の解析	1,84,136	0
TERM	58	こと	1,88,141	0
TERM	59	こと	1,233,380	0
TERM	60	こと	1,253,417	0
TERM	61	こと	1,298,498	0
TERM	62	本論	1,94,150	0
TERM	63	予め学習	1,98,155	0
TERM	64	話し言葉	1,102,162	1
TERM	65	表現パターン	1,104,166	2
TERM	66	表現パターン	1,111,180	2
TERM	67	入力文	1,107,173	1
TERM	68	認識結果文	1,122,198	0
TERM	69	手法	1,134,219	0
TERM	70	提案	1,136,221	0
TERM	71	手法の提案	1,134,219	0
TERM	72	本正解部分特定法	1,141,230	3
TERM	73	本正解部分特定法	1,193,316	0
TERM	74	音声認識結果	1,154,251	0
TERM	75	部分翻訳	1,162,264	0
TERM	76	部分翻訳	1,266,440	0
TERM	77	システム	1,165,270	0
TERM	78	システム	1,171,281	0
TERM	79	作成	1,167,274	0
TERM	80	システムの作成	1,165,270	0
TERM	81	正解部分特定法	1,174,288	0
TERM	82	効果	1,179,295	0
TERM	83	効果	1,188,309	0
TERM	84	評価	1,181,297	0
TERM	85	効果の評価	1,179,295	0
TERM	86	結果	1,185,303	0
TERM	87	結果	1,269,446	0
TERM	88	確認	1,190,311	0
TERM	89	効果の確認	1,188,309	0
TERM	90	信頼性	1,205,334	0
TERM	91	96%	1,214,347	0
TERM	92	提示	1,231,376	0
TERM	93	誤り文	1,237,386	0
TERM	94	誤り文	1,275,459	0
TERM	95	そのまま	1,240,389	0
TERM	96	意味	1,242,396	0
TERM	97	意味	1,290,485	0
TERM	98	理解	1,244,399	0
TERM	99	理解	1,292,487	0
TERM	100	半分以上軽減	1,249,409	0
TERM	101	従来翻訳	1,271,449	0
TERM	102	約７割	1,278,462	0
TERM	103	意味の理解	1,290,485	0
TERM	104	翻訳結果	1,294,492	0
REL	64	65	1
REL	67	66	1
REL	65	1	2
REL	66	1	2
REL	1	42	4
REL	42	72	5
REL	72	12	3
