TERM	0	形態素クラスタリング	0,0,0	3
TERM	1	形態素クラスタリング	1,5,6	3
TERM	2	形態素クラスタリング	1,29,46	3
TERM	3	形態素解析精度	0,5,13	0
TERM	4	向上	0,10,20	0
TERM	5	向上	1,119,204	0
TERM	6	形態素解析精度の向上	0,5,13	4
TERM	7	本論文	1,0,0	0
TERM	8	未知語モデル	1,9,17	0
TERM	9	未知語モデル	1,62,111	0
TERM	10	改良	1,13,23	0
TERM	11	改良	1,55,100	0
TERM	12	改良	1,66,117	0
TERM	13	改良	1,127,215	0
TERM	14	改良	1,291,479	0
TERM	15	未知語モデルの改良	1,9,17	3
TERM	16	未知語モデルの改良	1,62,111	0
TERM	17	確率的形態素解析器	1,16,28	0
TERM	18	確率的形態素解析器	1,224,367	0
TERM	19	精度向上	1,23,37	0
TERM	20	確率的形態素解析器の精度向上	1,16,28	4
TERM	21	提案	1,26,41	0
TERM	22	提案	1,59,106	0
TERM	23	提案	1,94,160	0
TERM	24	精度向上の提案	1,23,37	0
TERM	25	形態素	1,36,61	0
TERM	26	形態素	1,87,151	0
TERM	27	-gramモデル	1,39,65	1
TERM	28	-gramモデル	1,51,91	0
TERM	29	クロスエントロピー	1,43,73	3
TERM	30	基準	1,46,82	0
TERM	31	クラス	1,49,87	0
TERM	32	方法	1,57,104	0
TERM	33	方法	1,92,158	0
TERM	34	方法の提案	1,57,104	0
TERM	35	方法の提案	1,92,158	0
TERM	36	確率モデル	1,71,124	0
TERM	37	枠組	1,74,129	0
TERM	38	中	1,76,131	0
TERM	39	学習コーパス以外	1,78,133	0
TERM	40	辞書	1,82,141	1
TERM	41	追加	1,90,154	0
TERM	42	形態素の追加	1,87,151	3
TERM	43	bi-gramモデル	1,97,165	0
TERM	44	実装	1,102,175	0
TERM	45	bi-gramモデルの実装	1,97,165	0
TERM	46	EDRコーパス	1,104,178	0
TERM	47	実験	1,108,188	0
TERM	48	実験	1,188,315	0
TERM	49	実験	1,217,355	0
TERM	50	結果	1,111,194	0
TERM	51	結果	1,138,234	0
TERM	52	結果	1,182,305	0
TERM	53	結果	1,222,364	0
TERM	54	形態素解析	1,113,197	0
TERM	55	形態素解析	1,168,284	0
TERM	56	形態素解析	1,250,408	0
TERM	57	精度	1,117,202	0
TERM	58	精度	1,140,236	0
TERM	59	精度	1,157,267	0
TERM	60	精度	1,172,289	0
TERM	61	精度	1,278,456	0
TERM	62	精度の向上	1,117,202	0
TERM	63	観測	1,121,207	0
TERM	64	両方	1,125,213	0
TERM	65	両方の改良	1,125,213	0
TERM	66	モデル	1,130,221	0
TERM	67	モデル	1,166,280	0
TERM	68	形態素解析実験	1,133,227	0
TERM	69	先行研究	1,143,240	0
TERM	70	報告	1,147,247	0
TERM	71	品詞tri-gramモデル	1,151,254	0
TERM	72	我々	1,164,278	0
TERM	73	点	1,175,294	0
TERM	74	点	1,301,499	0
TERM	75	こと	1,179,301	0
TERM	76	品詞体系	1,192,322	0
TERM	77	品詞間	1,195,327	0
TERM	78	接続表	1,198,330	0
TERM	79	文法	1,201,333	0
TERM	80	文法	1,233,379	0
TERM	81	専門家	1,203,335	0
TERM	82	専門家	1,235,381	0
TERM	83	作成	1,206,339	0
TERM	84	形態素解析器	1,208,343	0
TERM	85	形態素解析器	1,239,387	0
TERM	86	形態素解析器	1,267,440	0
TERM	87	精度比較	1,214,351	0
TERM	88	精度比較の実験	1,214,351	0
TERM	89	誤り	1,231,376	0
TERM	90	誤り	1,244,393	0
TERM	91	確率	1,255,417	0
TERM	92	手法	1,257,421	0
TERM	93	人間	1,261,430	0
TERM	94	言語直感	1,263,432	0
TERM	95	人間の言語直感	1,261,430	0
TERM	96	比較	1,272,447	0
TERM	97	現時点	1,275,452	0
TERM	98	長所	1,284,466	0
TERM	99	今後	1,288,473	0
TERM	100	組織的取り組み	1,294,483	0
REL	0	6	3
REL	1	20	3
REL	15	20	3
REL	6	20	5
REL	27	2	2
REL	29	2	4
REL	40	42	2
