TERM	0	統計的構文解析	0,0,0	4
TERM	1	構文的統計情報	0,6,11	0
TERM	2	語彙的統計情報	0,11,19	0
TERM	3	統合	0,16,26	0
TERM	4	統合	1,26,38	0
TERM	5	語彙的統計情報の統合	0,11,19	3
TERM	6	本論文	1,0,0	0
TERM	7	構文解析	1,5,6	0
TERM	8	曖昧性解消	1,8,10	4
TERM	9	曖昧性解消	1,174,285	0
TERM	10	曖昧性解消	1,302,501	0
TERM	11	構文解析の曖昧性解消	1,5,6	0
TERM	12	ため	1,13,17	0
TERM	13	ため	1,202,337	0
TERM	14	構文	1,16,21	0
TERM	15	構文	1,50,77	0
TERM	16	構文	1,99,155	0
TERM	17	構文	1,132,208	0
TERM	18	構文	1,294,488	0
TERM	19	統計情報	1,18,25	0
TERM	20	統計情報	1,23,34	0
TERM	21	統計情報	1,52,81	1
TERM	22	統計情報	1,74,116	1
TERM	23	統計情報	1,101,159	0
TERM	24	統計情報	1,106,168	0
TERM	25	統計情報	1,134,212	0
TERM	26	統計情報	1,139,221	0
TERM	27	統計情報	1,151,243	0
TERM	28	統計情報	1,171,280	0
TERM	29	統計情報	1,291,483	0
TERM	30	統計情報	1,296,492	0
TERM	31	語彙	1,21,30	0
TERM	32	語彙	1,72,112	0
TERM	33	語彙	1,104,164	0
TERM	34	語彙	1,137,217	0
TERM	35	語彙	1,289,479	0
TERM	36	統計情報の統合	1,23,34	3
TERM	37	手法	1,28,42	0
TERM	38	提案	1,30,44	0
TERM	39	提案	1,35,52	0
TERM	40	提案	1,283,468	0
TERM	41	手法の提案	1,28,42	0
TERM	42	我々	1,33,49	0
TERM	43	統合的確率言語モデル	1,37,56	3
TERM	44	統合的確率言語モデル	1,92,143	0
TERM	45	統合的確率言語モデル	1,194,323	0
TERM	46	構文的優先度	1,44,68	3
TERM	47	反映	1,55,85	0
TERM	48	反映	1,77,120	0
TERM	49	統計情報の反映	1,52,81	0
TERM	50	統計情報の反映	1,74,116	0
TERM	51	構文モデル	1,57,89	3
TERM	52	構文モデル	1,217,357	0
TERM	53	構文モデル	1,247,407	0
TERM	54	単語	1,61,96	1
TERM	55	単語	1,66,103	1
TERM	56	出現頻度	1,63,98	2
TERM	57	共起関係	1,68,105	2
TERM	58	単語の共起関係	1,66,103	0
TERM	59	語彙モデル	1,79,124	3
TERM	60	語彙モデル	1,250,413	0
TERM	61	2つ	1,82,129	0
TERM	62	下位モデル	1,85,131	3
TERM	63	同時に学習	1,109,172	0
TERM	64	統計情報の同時に学習	1,106,168	0
TERM	65	過去	1,112,179	0
TERM	66	多く	1,114,181	0
TERM	67	モデル	1,116,183	0
TERM	68	両者	1,120,191	0
TERM	69	個別	1,122,193	0
TERM	70	学習	1,124,196	0
TERM	71	学習	1,160,259	0
TERM	72	点	1,126,200	0
TERM	73	特徴	1,128,202	0
TERM	74	独立	1,142,225	0
TERM	75	独立	1,158,256	0
TERM	76	統計情報の独立	1,139,221	0
TERM	77	こと	1,145,232	0
TERM	78	こと	1,162,263	0
TERM	79	こと	1,189,314	0
TERM	80	こと	1,254,424	0
TERM	81	こと	1,308,511	0
TERM	82	言語資源	1,155,250	0
TERM	83	効果	1,180,299	0
TERM	84	分析	1,187,310	0
TERM	85	評価	1,200,333	0
TERM	86	統合的確率言語モデルの評価	1,194,323	0
TERM	87	日本語文	1,205,341	0
TERM	88	文節	1,209,345	0
TERM	89	文節	1,223,367	0
TERM	90	文節	1,258,430	0
TERM	91	係り受け解析	1,211,347	0
TERM	92	文節の係り受け解析	1,209,345	0
TERM	93	とき	1,221,365	0
TERM	94	正解率	1,225,369	0
TERM	95	正解率	1,260,432	0
TERM	96	38%	1,230,376	0
TERM	97	ベースライン	1,235,383	0
TERM	98	70%向上	1,240,396	0
TERM	99	96%向上	1,266,442	0
TERM	100	34%	1,272,451	0
TERM	101	結果	1,278,461	0
TERM	102	本研究	1,280,464	0
TERM	103	枠組	1,285,472	0
TERM	104	同程度	1,299,497	0
TERM	105	貢献	1,306,507	0
TERM	106	確認	1,310,513	0
TERM	107	ことの確認	1,308,511	0
REL	5	0	3
REL	36	8	3
REL	62	43	4
REL	51	62	4
REL	59	62	4
REL	46	51	4
REL	54	56	1
REL	55	57	1
REL	56	59	2
REL	57	59	2
REL	21	51	2
REL	22	59	2
