TERM	0	局所的要約知識	0,0,0	0
TERM	1	自動獲得手法	0,5,7	0
TERM	2	日本語ニュース	1,0,0	0
TERM	3	局所的要約	1,4,7	0
TERM	4	局所的要約	1,27,48	4
TERM	5	日本語ニュースの局所的要約	1,0,0	0
TERM	6	際	1,8,14	0
TERM	7	要約知識	1,13,21	0
TERM	8	要約知識	1,72,116	0
TERM	9	要約知識	1,192,318	0
TERM	10	要約知識	1,201,332	0
TERM	11	要約知識	1,214,354	0
TERM	12	コーパス	1,17,26	0
TERM	13	自動獲得	1,19,32	0
TERM	14	自動獲得	1,93,151	0
TERM	15	自動獲得	1,195,322	0
TERM	16	手法	1,22,38	0
TERM	17	注目個所	1,32,55	0
TERM	18	近傍	1,35,59	0
TERM	19	情報	1,37,61	0
TERM	20	局所的情報	1,39,64	0
TERM	21	局所的情報	1,50,82	0
TERM	22	要約	1,46,77	0
TERM	23	注目個所そのもの	1,55,89	0
TERM	24	前後	1,60,100	0
TERM	25	前後	1,162,264	0
TERM	26	単語列	1,62,102	0
TERM	27	単語列	1,147,241	0
TERM	28	単語列	1,166,271	0
TERM	29	本手法	1,68,111	0
TERM	30	置換規則	1,76,123	2
TERM	31	置換規則	1,136,224	2
TERM	32	置換規則	1,159,260	0
TERM	33	置換条件	1,79,128	2
TERM	34	置換条件	1,156,255	2
TERM	35	原文	1,87,139	0
TERM	36	原文	1,173,282	0
TERM	37	要約文コーパス	1,89,142	0
TERM	38	はじめ	1,97,158	0
TERM	39	原文中	1,99,162	1
TERM	40	単語	1,102,165	2
TERM	41	単語	1,107,172	2
TERM	42	要約文中	1,104,168	1
TERM	43	すべて	1,109,174	0
TERM	44	組み合わせ	1,111,177	0
TERM	45	単語間	1,114,186	0
TERM	46	距離	1,117,189	0
TERM	47	計算	1,119,191	0
TERM	48	距離の計算	1,117,189	3
TERM	49	ＤＰマッチング	1,122,195	3
TERM	50	単語対応	1,127,209	2
TERM	51	結果	1,133,219	0
TERM	52	結果	1,211,348	0
TERM	53	単語対応上	1,139,229	0
TERM	54	不一致	1,143,235	0
TERM	55	獲得	1,151,247	0
TERM	56	獲得	1,170,277	0
TERM	57	獲得	1,217,359	0
TERM	58	置換規則の前後	1,159,260	0
TERM	59	要約文	1,175,285	0
TERM	60	それぞれＮＨＫニュース原稿	1,178,289	0
TERM	61	ＮＨＫ文字放送	1,183,303	0
TERM	62	原稿	1,187,310	0
TERM	63	要約知識の自動獲得	1,192,318	0
TERM	64	評価	1,204,336	0
TERM	65	要約知識の評価	1,201,332	0
TERM	66	実験	1,206,340	0
TERM	67	こと	1,219,364	0
TERM	68	確認	1,221,366	0
TERM	69	ことの確認	1,219,364	0
REL	39	40	1
REL	42	43	1
REL	40	48	2
EREL	43	48	2
REL	48	49	4
REL	49	50	3
REL	50	31	1
REL	50	34	1
REL	30	4	3
REL	33	4	3
