TERM	0	音声認識用言語モデル	0,0,0	0
TERM	1	ため	0,6,10	0
TERM	2	ため	1,18,28	0
TERM	3	タスク適応化	0,8,12	0
TERM	4	タスク適応化	1,103,177	3
TERM	5	定型表現	0,12,19	0
TERM	6	定型表現	1,179,298	0
TERM	7	定型表現	1,196,325	0
TERM	8	利用	0,15,23	0
TERM	9	利用	1,8,13	0
TERM	10	定型表現の利用	0,12,19	0
TERM	11	本研究	1,0,0	0
TERM	12	大規模コーパス	1,4,5	0
TERM	13	新聞	1,10,18	0
TERM	14	読み上げ音声	1,12,20	0
TERM	15	認識	1,16,26	0
TERM	16	読み上げ音声の認識	1,12,20	0
TERM	17	精度	1,20,30	0
TERM	18	言語モデル	1,23,34	0
TERM	19	言語モデル	1,89,155	3
TERM	20	言語モデル	1,139,232	0
TERM	21	構築	1,26,39	0
TERM	22	構築	1,73,124	0
TERM	23	構築	1,218,360	0
TERM	24	言語モデルの構築	1,23,34	4
TERM	25	実験	1,28,41	0
TERM	26	構築の実験	1,26,39	0
TERM	27	検討	1,30,45	0
TERM	28	検討	1,222,366	0
TERM	29	-gram言語モデル	1,34,51	0
TERM	30	-gram言語モデル	1,55,83	0
TERM	31	改善	1,39,61	0
TERM	32	-gram言語モデルの改善	1,34,51	4
TERM	33	点	1,48,73	0
TERM	34	注目	1,50,75	0
TERM	35	注目	1,81,137	0
TERM	36	注目	1,188,312	0
TERM	37	タスク	1,60,94	0
TERM	38	タスク	1,66,105	0
TERM	39	依存	1,62,98	0
TERM	40	データベース	1,70,115	0
TERM	41	こと	1,79,134	0
TERM	42	こと	1,186,309	0
TERM	43	大量データベース	1,85,144	1
TERM	44	もと	1,92,160	0
TERM	45	同一ジャンル	1,95,164	0
TERM	46	過去	1,98,170	0
TERM	47	記事	1,100,172	0
TERM	48	方法	1,107,183	0
TERM	49	方法	1,146,243	0
TERM	50	方法	1,220,364	0
TERM	51	新聞記事	1,117,198	0
TERM	52	話題	1,120,203	0
TERM	53	経時	1,122,206	0
TERM	54	変化	1,124,210	0
TERM	55	直前	1,134,225	0
TERM	56	記事内容	1,136,227	0
TERM	57	適応化	1,142,237	0
TERM	58	新聞テキスト	1,155,258	1
TERM	59	使用頻度	1,160,267	0
TERM	60	表現	1,167,277	0
TERM	61	表現	1,175,292	0
TERM	62	固定	1,170,281	0
TERM	63	言い回し	1,172,285	0
TERM	64	複数形態素	1,191,316	0
TERM	65	抽出	1,199,329	0
TERM	66	定型表現の抽出	1,196,325	3
TERM	67	1形態素	1,204,336	0
TERM	68	上	1,210,346	0
TERM	69	,N-gram言語モデル	1,212,348	0
TERM	70	,N-gram言語モデルの構築	1,212,348	0
TERM	71	方法の検討	1,220,364	0
REL	24	32	5
REL	43	19	2
REL	19	4	4
REL	4	32	3
REL	58	66	2
REL	66	32	3
