TERM	0	語彙的連鎖	0,0,0	0
TERM	1	語彙的連鎖	1,141,236	3
TERM	2	語彙的連鎖	1,177,300	0
TERM	3	要約	0,5,9	0
TERM	4	要約	1,37,65	0
TERM	5	要約	1,48,81	0
TERM	6	要約	1,100,171	0
TERM	7	要約	1,195,330	0
TERM	8	要約	1,217,368	0
TERM	9	情報検索タスク	0,7,11	0
TERM	10	情報検索タスク	1,212,356	0
TERM	11	評価	0,12,21	0
TERM	12	電子化テキスト	1,0,0	0
TERM	13	増大	1,4,7	0
TERM	14	電子化テキストの増大	1,0,0	0
TERM	15	テキスト自動要約技術	1,8,15	0
TERM	16	重要性	1,13,25	0
TERM	17	近年	1,19,36	0
TERM	18	情報検索システム	1,21,39	0
TERM	19	情報検索システム	1,151,256	4
TERM	20	普及	1,25,47	0
TERM	21	情報検索システムの普及	1,21,39	0
TERM	22	検索結果提示	1,29,53	0
TERM	23	利用	1,34,61	0
TERM	24	利用	1,50,83	0
TERM	25	利用	1,156,266	0
TERM	26	利用	1,171,290	0
TERM	27	利用法	1,39,67	0
TERM	28	注目	1,43,73	0
TERM	29	要約の利用	1,48,81	0
TERM	30	ユーザ	1,54,89	0
TERM	31	ユーザ	1,86,147	0
TERM	32	検索結果	1,57,94	0
TERM	33	テキスト	1,60,98	0
TERM	34	検索要求	1,62,103	0
TERM	35	検索要求	1,90,153	0
TERM	36	検索要求	1,115,196	0
TERM	37	検索要求	1,161,273	0
TERM	38	検索要求	1,185,311	0
TERM	39	適合	1,65,108	0
TERM	40	判定	1,76,127	0
TERM	41	一般に情報検索システム	1,79,133	0
TERM	42	関心	1,88,150	0
TERM	43	ため	1,95,163	0
TERM	44	ため	1,209,352	0
TERM	45	提示	1,97,166	0
TERM	46	元テキスト	1,103,175	0
TERM	47	内容	1,106,180	0
TERM	48	作成	1,109,186	0
TERM	49	作成	1,120,204	0
TERM	50	もの	1,112,191	0
TERM	51	もの	1,123,209	0
TERM	52	反映	1,118,200	0
TERM	53	検索要求の反映	1,115,196	0
TERM	54	方	1,125,211	0
TERM	55	本稿	1,132,222	0
TERM	56	我々	1,136,227	0
TERM	57	我々	1,201,341	0
TERM	58	我々	1,242,407	0
TERM	59	以前提案	1,138,230	0
TERM	60	パッセージ抽出手法	1,146,245	3
TERM	61	想定	1,158,268	0
TERM	62	利用の想定	1,156,266	0
TERM	63	考慮	1,164,277	0
TERM	64	検索要求の考慮	1,161,273	0
TERM	65	要約作成手法	1,166,281	3
TERM	66	要約作成手法	1,228,383	0
TERM	67	こと	1,173,295	0
TERM	68	こと	1,252,420	0
TERM	69	使用	1,181,305	0
TERM	70	語彙的連鎖の使用	1,177,300	0
TERM	71	関連	1,188,316	0
TERM	72	テキスト中	1,190,320	0
TERM	73	パッセージ	1,193,325	0
TERM	74	パッセージの要約	1,193,325	0
TERM	75	抽出	1,198,335	0
TERM	76	手法	1,203,343	0
TERM	77	手法	1,244,409	0
TERM	78	有効性	1,205,345	0
TERM	79	有効性	1,246,411	0
TERM	80	評価方法	1,219,370	0
TERM	81	評価方法	1,270,448	0
TERM	82	採用	1,222,374	0
TERM	83	評価方法の採用	1,219,370	0
TERM	84	実験	1,233,392	0
TERM	85	実験結果	1,237,398	0
TERM	86	支持	1,249,415	0
TERM	87	評価実験	1,258,428	0
TERM	88	過程	1,261,432	0
TERM	89	観察	1,263,435	0
TERM	90	タスク	1,267,441	0
TERM	91	問題点	1,274,456	0
TERM	92	留意	1,277,460	0
TERM	93	点	1,280,465	0
TERM	94	分析	1,284,471	0
TERM	95	報告	1,287,475	0
REL	1	60	4
REL	60	65	5
REL	60	19	3
REL	65	19	3
