TERM	0	派生文法	0,0,0	0
TERM	1	日本語動詞句	0,5,8	0
TERM	2	ウイグル語	0,10,14	0
TERM	3	ウイグル語	1,3,4	0
TERM	4	ウイグル語	1,24,43	0
TERM	5	ウイグル語	1,79,132	0
TERM	6	ウイグル語	1,103,168	1
TERM	7	ウイグル語	1,159,255	0
TERM	8	翻訳	0,14,21	0
TERM	9	翻訳	1,53,92	0
TERM	10	翻訳	1,83,139	0
TERM	11	翻訳	1,175,284	0
TERM	12	翻訳	1,211,338	0
TERM	13	翻訳	1,273,451	0
TERM	14	翻訳	1,314,515	0
TERM	15	日本語	1,0,0	0
TERM	16	日本語	1,21,38	0
TERM	17	日本語	1,100,164	1
TERM	18	日本語	1,116,190	0
TERM	19	日本語	1,156,251	0
TERM	20	共に膠着語	1,6,10	0
TERM	21	構文	1,11,19	0
TERM	22	類似	1,13,23	0
TERM	23	点	1,15,27	0
TERM	24	機械翻訳	1,28,50	0
TERM	25	機械翻訳	1,145,232	4
TERM	26	形態素解析	1,34,60	0
TERM	27	各単語	1,41,73	0
TERM	28	逐語翻訳	1,44,76	0
TERM	29	逐語翻訳	1,171,274	0
TERM	30	こと	1,46,82	0
TERM	31	こと	1,71,120	0
TERM	32	こと	1,112,184	0
TERM	33	こと	1,150,242	0
TERM	34	こと	1,200,320	0
TERM	35	程度	1,51,90	0
TERM	36	程度の翻訳	1,51,90	0
TERM	37	従来	1,61,105	0
TERM	38	日本語文法	1,63,107	0
TERM	39	動詞	1,67,113	0
TERM	40	動詞	1,88,144	0
TERM	41	活用	1,69,116	0
TERM	42	前提	1,73,122	0
TERM	43	ため	1,77,129	0
TERM	44	前	1,85,141	0
TERM	45	活用処理	1,90,146	0
TERM	46	活用処理	1,119,193	0
TERM	47	動詞の活用処理	1,88,144	0
TERM	48	本論文	1,95,158	0
TERM	49	本論文	1,182,295	0
TERM	50	本論文	1,294,488	0
TERM	51	共に派生文法	1,106,173	3
TERM	52	記述	1,110,180	0
TERM	53	日本語の活用処理	1,116,190	0
TERM	54	不要	1,122,197	0
TERM	55	両言語間	1,128,207	0
TERM	56	形態論的類似点	1,132,211	0
TERM	57	体系	1,143,228	0
TERM	58	間	1,163,262	0
TERM	59	文法的差異	1,165,263	0
TERM	60	場合	1,178,289	0
TERM	61	単語間	1,187,301	0
TERM	62	接続関係	1,190,304	3
TERM	63	単語間の接続関係	1,187,301	0
TERM	64	考慮	1,193,308	0
TERM	65	接続関係の考慮	1,190,304	0
TERM	66	訳語置換表	1,195,312	3
TERM	67	問題	1,204,327	0
TERM	68	解決	1,206,329	0
TERM	69	問題の解決	1,204,327	0
TERM	70	実現	1,213,340	0
TERM	71	翻訳の実現	1,211,338	0
TERM	72	手法	1,219,351	0
TERM	73	日本語--ウイグル語機械翻訳システム	1,222,357	4
TERM	74	作成	1,232,375	0
TERM	75	日本語--ウイグル語機械翻訳システムの作成	1,222,357	4
TERM	76	システム	1,236,382	0
TERM	77	日本語形態素解析システム	1,240,389	0
TERM	78	ウイグル語整形システム	1,247,402	0
TERM	79	それぞれ独立	1,253,414	0
TERM	80	モジュール	1,256,420	0
TERM	81	構成	1,259,428	0
TERM	82	設計	1,264,437	0
TERM	83	膠着語間	1,268,443	0
TERM	84	応用	1,276,455	0
TERM	85	実験	1,284,472	0
TERM	86	翻訳精度	1,288,479	0
TERM	87	評価	1,291,483	0
TERM	88	翻訳精度の評価	1,288,479	0
TERM	89	特に両言語	1,299,494	0
TERM	90	文	1,304,503	0
TERM	91	中心的役割	1,306,504	0
TERM	92	動詞句	1,311,512	0
TERM	93	動詞句の翻訳	1,311,512	0
REL	6	51	2
REL	17	51	2
REL	51	25	3
REL	25	73	5
REL	62	66	4
REL	66	73	3
REL	66	75	3
REL	73	75	5
