TERM	0	手指動作記述文間	0,0,0	0
TERM	1	手指動作記述文間	1,241,372	0
TERM	2	手指動作記述文間	1,254,390	0
TERM	3	手指動作記述文間	1,276,419	0
TERM	4	類似性	0,6,8	0
TERM	5	類似性	1,101,145	0
TERM	6	類似性	1,106,151	0
TERM	7	類似性	1,247,380	2
TERM	8	類似性	1,260,398	0
TERM	9	類似性	1,271,412	0
TERM	10	類似	0,10,15	0
TERM	11	類似	1,118,172	0
TERM	12	類似	1,160,237	0
TERM	13	類似	1,208,318	0
TERM	14	動作特徴	0,12,17	0
TERM	15	動作特徴	1,162,239	0
TERM	16	手話単語対	0,16,23	0
TERM	17	手話単語対	1,125,182	0
TERM	18	手話単語対	1,166,245	0
TERM	19	手話単語対	1,215,330	0
TERM	20	抽出方法	0,20,28	0
TERM	21	手話言語	1,0,0	0
TERM	22	手指動作表現	1,5,8	0
TERM	23	単語	1,10,17	0
TERM	24	表出・受容	1,12,19	0
TERM	25	単語の表出・受容	1,10,17	0
TERM	26	視覚言語	1,17,26	0
TERM	27	側面	1,22,34	0
TERM	28	ため	1,27,41	0
TERM	29	ため	1,146,213	0
TERM	30	手話単語	1,29,44	0
TERM	31	手話単語	1,62,88	0
TERM	32	手話単語	1,87,125	0
TERM	33	手話単語	1,140,205	0
TERM	34	手話単語	1,178,268	0
TERM	35	手話単語	1,221,340	0
TERM	36	構成	1,32,48	0
TERM	37	構成	1,65,92	0
TERM	38	手話単語の構成	1,29,44	0
TERM	39	手話単語の構成	1,62,88	0
TERM	40	手指動作特徴	1,34,52	0
TERM	41	手指動作特徴	1,73,106	0
TERM	42	手指動作特徴	1,97,139	0
TERM	43	手指動作特徴	1,120,174	0
TERM	44	手指動作特徴	1,210,322	0
TERM	45	手指動作特徴	1,267,406	0
TERM	46	要素	1,38,58	0
TERM	47	要素	1,80,114	0
TERM	48	手	1,42,65	0
TERM	49	手	1,46,68	0
TERM	50	手	1,50,72	0
TERM	51	形	1,44,66	0
TERM	52	位置	1,48,69	0
TERM	53	手の位置	1,46,68	0
TERM	54	動き	1,52,73	0
TERM	55	一部	1,55,77	0
TERM	56	変更	1,57,79	0
TERM	57	一部の変更	1,55,77	0
TERM	58	こと	1,59,83	0
TERM	59	こと	1,199,305	0
TERM	60	特徴	1,67,97	0
TERM	61	一つ	1,77,112	0
TERM	62	一つ	1,151,222	0
TERM	63	単語対	1,84,122	0
TERM	64	最小対	1,90,129	0
TERM	65	最小対	1,287,436	0
TERM	66	意味	1,104,149	0
TERM	67	反映	1,109,154	0
TERM	68	類似性の反映	1,106,151	0
TERM	69	場合	1,112,160	0
TERM	70	意味関係	1,129,188	0
TERM	71	内包	1,132,192	0
TERM	72	意味関係の内包	1,129,188	0
TERM	73	分類	1,143,209	0
TERM	74	手話単語の分類	1,140,205	0
TERM	75	手がかり	1,149,218	0
TERM	76	言語学	1,170,251	0
TERM	77	検索処理	1,181,272	0
TERM	78	手話単語の検索処理	1,178,268	0
TERM	79	登録・編集処理機能	1,184,277	0
TERM	80	実現	1,190,286	0
TERM	81	登録・編集処理機能の実現	1,184,277	0
TERM	82	上	1,192,290	0
TERM	83	知識データ	1,195,296	0
TERM	84	本論文	1,203,312	0
TERM	85	集合	1,224,344	0
TERM	86	手話単語の集合	1,221,340	1
TERM	87	抽出	1,226,348	0
TERM	88	抽出	1,290,439	0
TERM	89	方法	1,228,352	0
TERM	90	方法	1,292,443	0
TERM	91	市販	1,232,358	0
TERM	92	手話辞典	1,234,360	1
TERM	93	記述	1,237,365	0
TERM	94	着目	1,250,384	0
TERM	95	手話単語間	1,263,401	0
TERM	96	類似度計算	1,282,427	3
TERM	97	手指動作記述文間の類似度計算	1,276,419	0
TERM	98	最小対の抽出	1,287,436	4
TERM	99	提案	1,294,445	0
TERM	100	方法の提案	1,292,443	0
TERM	101	実験	1,297,450	0
TERM	102	提案手法	1,301,456	0
TERM	103	妥当性	1,304,460	0
TERM	104	結果	1,308,465	0
REL	92	7	1
REL	96	98	3
REL	2	96	2
REL	86	96	2
