TERM	0	文節重要度	0,0,0	3
TERM	1	文節重要度	1,124,200	3
TERM	2	文節重要度	1,235,383	0
TERM	3	整合度	0,6,10	3
TERM	4	整合度	1,241,393	3
TERM	5	日本語文簡約アルゴリズム	0,10,17	4
TERM	6	検討	1,3,6	0
TERM	7	文書要約手法	1,7,13	0
TERM	8	文書要約手法	1,86,145	0
TERM	9	文集合	1,12,21	0
TERM	10	重要文	1,15,26	0
TERM	11	抽出	1,18,29	0
TERM	12	重要文の抽出	1,15,26	0
TERM	13	もの	1,20,33	0
TERM	14	方法	1,24,41	0
TERM	15	段落	1,28,48	0
TERM	16	段落	1,60,100	0
TERM	17	要約	1,31,53	0
TERM	18	要約	1,66,109	0
TERM	19	結果	1,33,57	0
TERM	20	誤り	1,36,62	0
TERM	21	文	1,39,66	0
TERM	22	文	1,100,167	0
TERM	23	文	1,116,191	0
TERM	24	集合	1,41,67	0
TERM	25	文の集合	1,39,66	0
TERM	26	目的	1,48,79	0
TERM	27	更に要約率	1,52,86	0
TERM	28	ため	1,57,94	0
TERM	29	ため	1,156,249	0
TERM	30	単位	1,63,105	0
TERM	31	とき	1,69,118	0
TERM	32	一文毎	1,72,123	0
TERM	33	簡約	1,76,126	0
TERM	34	簡約	1,118,192	0
TERM	35	場合	1,81,134	0
TERM	36	簡約文	1,92,154	0
TERM	37	簡約文	1,172,273	0
TERM	38	簡約文	1,216,350	0
TERM	39	日本語	1,95,158	0
TERM	40	こと	1,102,171	0
TERM	41	こと	1,188,297	0
TERM	42	こと	1,200,318	0
TERM	43	こと	1,210,338	0
TERM	44	重要pp	1,104,174	0
TERM	45	本論文	1,111,185	0
TERM	46	原文	1,121,195	1
TERM	47	文節間係り受け整合度	1,128,206	3
TERM	48	総和	1,135,216	0
TERM	49	部分文節列	1,139,224	0
TERM	50	選択	1,143,229	0
TERM	51	部分文節列の選択	1,139,224	3
TERM	52	問題	1,146,234	0
TERM	53	定式化	1,149,239	3
TERM	54	定式化	1,168,268	3
TERM	55	効率	1,158,251	0
TERM	56	アルゴリズム	1,161,255	0
TERM	57	アルゴリズム	1,228,370	0
TERM	58	アルゴリズム	1,262,427	0
TERM	59	提案	1,163,261	0
TERM	60	アルゴリズムの提案	1,161,255	4
TERM	61	本稿	1,166,266	0
TERM	62	本稿	1,250,410	0
TERM	63	評価	1,175,276	0
TERM	64	簡約文の評価	1,172,273	0
TERM	65	文節間	1,177,279	0
TERM	66	係り受け整合度	1,180,282	0
TERM	67	簡約結果	1,191,302	0
TERM	68	係り受け構造	1,195,310	0
TERM	69	期待	1,202,321	0
TERM	70	本手法	1,206,332	0
TERM	71	生成	1,220,356	0
TERM	72	実用	1,230,376	0
TERM	73	設定	1,245,399	0
TERM	74	議論	1,258,422	0
TERM	75	導出	1,264,433	0
TERM	76	計算効率	1,266,436	0
TERM	77	実装法	1,269,441	0
TERM	78	重点	1,273,447	0
TERM	79	報告	1,276,452	0
REL	0	5	3
REL	3	5	3
REL	53	60	3
REL	4	54	4
REL	51	53	4
REL	46	1	4
REL	46	47	4
REL	47	51	4
REL	1	51	4
