TERM	0	重要語句抽出	0,0,0	3
TERM	1	新聞記事自動要約	0,5,9	4
TERM	2	本論文	1,0,0	0
TERM	3	格フレーム辞書	1,5,6	1
TERM	4	原文	1,10,16	1
TERM	5	重要語句	1,12,18	2
TERM	6	抽出	1,15,22	0
TERM	7	抽出	1,18,26	0
TERM	8	重要語句の抽出	1,12,18	3
TERM	9	語句	1,21,31	0
TERM	10	再構成	1,23,33	0
TERM	11	語句の再構成	1,21,31	3
TERM	12	こと	1,26,38	0
TERM	13	こと	1,85,144	0
TERM	14	要約文	1,29,43	0
TERM	15	要約文	1,80,135	0
TERM	16	生成	1,32,46	0
TERM	17	生成	1,83,139	0
TERM	18	要約文の生成	1,29,43	4
TERM	19	新聞記事要約手法	1,34,50	4
TERM	20	提案	1,39,58	0
TERM	21	新聞記事要約手法の提案	1,34,50	4
TERM	22	手法	1,43,65	0
TERM	23	新聞記事自動要約システムALTLINE	1,46,72	0
TERM	24	試作	1,53,91	0
TERM	25	新聞記事自動要約システムALTLINEの試作	1,46,72	0
TERM	26	人手要約	1,56,95	0
TERM	27	比較	1,60,101	0
TERM	28	評価	1,63,106	0
TERM	29	結果	1,68,115	0
TERM	30	提案手法	1,70,118	0
TERM	31	人間	1,74,126	0
TERM	32	要約	1,76,128	0
TERM	33	人間の要約	1,74,126	0
TERM	34	匹敵	1,78,131	0
REL	0	1	3
REL	3	8	2
REL	4	8	2
REL	3	5	1
REL	4	5	1
REL	8	11	4
REL	5	11	2
REL	11	18	3
REL	11	19	4
REL	11	20	4
REL	19	20	5
