TERM	0	ドメイン	0,0,0	0
TERM	1	文字列情報	0,2,7	2
TERM	2	組み込み	0,6,12	0
TERM	3	形態素解析処理	0,10,19	0
TERM	4	精度	0,15,26	0
TERM	5	精度	1,51,81	0
TERM	6	精度	1,88,144	0
TERM	7	精度	1,195,311	0
TERM	8	精度	1,224,357	0
TERM	9	精度	1,268,439	0
TERM	10	向上	0,17,28	0
TERM	11	向上	1,53,83	0
TERM	12	向上	1,197,313	0
TERM	13	向上	1,226,359	0
TERM	14	精度の向上	0,15,26	4
TERM	15	精度の向上	1,51,81	4
TERM	16	精度の向上	1,195,311	0
TERM	17	精度の向上	1,224,357	0
TERM	18	辞書ベース	1,0,0	0
TERM	19	辞書ベース	1,46,72	0
TERM	20	自然言語処理システム	1,3,5	0
TERM	21	辞書未登録語	1,9,17	0
TERM	22	辞書未登録語	1,36,60	0
TERM	23	辞書未登録語	1,183,295	0
TERM	24	辞書未登録語	1,251,411	0
TERM	25	問題	1,14,23	0
TERM	26	本稿	1,20,33	0
TERM	27	本稿	1,57,89	0
TERM	28	訓練コーパス	1,23,37	1
TERM	29	訓練コーパス	1,244,396	0
TERM	30	文字	1,27,47	0
TERM	31	共起情報	1,29,49	2
TERM	32	利用	1,32,53	0
TERM	33	利用	1,78,127	0
TERM	34	利用	1,97,157	0
TERM	35	利用	1,165,268	0
TERM	36	利用	1,180,289	0
TERM	37	利用	1,209,330	0
TERM	38	共起情報の利用	1,29,49	0
TERM	39	手法	1,34,57	0
TERM	40	手法	1,91,149	0
TERM	41	手法	1,117,192	0
TERM	42	手法	1,133,216	0
TERM	43	手法	1,141,233	0
TERM	44	抽出	1,41,66	0
TERM	45	抽出	1,188,301	0
TERM	46	辞書未登録語の抽出	1,36,60	3
TERM	47	辞書未登録語の抽出	1,183,295	0
TERM	48	実現	1,43,68	0
TERM	49	実現	1,170,275	0
TERM	50	実現	1,270,442	0
TERM	51	抽出の実現	1,41,66	0
TERM	52	システム	1,49,77	0
TERM	53	システム	1,211,332	0
TERM	54	システム	1,237,377	0
TERM	55	形態素解析ツール	1,60,93	0
TERM	56	アプリケーション	1,65,101	0
TERM	57	採用	1,68,112	0
TERM	58	処理時	1,71,116	0
TERM	59	統計情報	1,74,120	2
TERM	60	統計情報	1,94,153	2
TERM	61	統計情報	1,160,260	0
TERM	62	統計情報	1,206,326	0
TERM	63	こと	1,80,131	0
TERM	64	こと	1,193,308	0
TERM	65	こと	1,229,367	0
TERM	66	こと	1,241,390	0
TERM	67	こと	1,272,446	0
TERM	68	形態素	1,83,137	0
TERM	69	切り分け	1,86,140	3
TERM	70	統計情報の利用	1,94,153	0
TERM	71	統計情報の利用	1,206,326	0
TERM	72	事前	1,99,161	0
TERM	73	辞書登録文字列	1,101,164	0
TERM	74	選別	1,106,171	0
TERM	75	辞書登録文字列の選別	1,101,164	3
TERM	76	コスト情報	1,109,177	0
TERM	77	辞書登録	1,113,185	3
TERM	78	アプローチ	1,123,199	0
TERM	79	提案	1,125,204	0
TERM	80	提案	1,143,235	0
TERM	81	アプローチの提案	1,123,199	0
TERM	82	欠点	1,138,229	0
TERM	83	手法の提案	1,141,233	0
TERM	84	元	1,148,244	0
TERM	85	元	1,175,283	0
TERM	86	ツール	1,150,245	0
TERM	87	ツール	1,177,284	0
TERM	88	改変	1,152,248	0
TERM	89	ツールの改変	1,150,245	0
TERM	90	もの	1,155,253	0
TERM	91	もの	1,172,279	0
TERM	92	付加	1,163,264	0
TERM	93	統計情報の付加	1,160,260	0
TERM	94	半自動	1,167,270	0
TERM	95	対象	1,190,304	0
TERM	96	実験	1,201,318	0
TERM	97	結果	1,203,320	0
TERM	98	未知語	1,213,337	0
TERM	99	認識	1,216,340	0
TERM	100	認識	1,249,406	0
TERM	101	認識	1,265,434	0
TERM	102	未知語の認識	1,213,337	0
TERM	103	辞書登録システム	1,219,344	0
TERM	104	データ	1,247,402	0
TERM	105	ほぼ	1,256,417	0
TERM	106	解決	1,258,422	0
TERM	107	さらに複合語	1,261,428	0
TERM	108	さらに複合語の認識	1,261,428	0
REL	1	14	3
REL	28	31	1
REL	31	46	2
REL	46	15	3
REL	59	69	2
REL	60	75	2
REL	75	77	4
