TERM	0	古典	0,0,0	0
TERM	1	古典	1,12,16	0
TERM	2	総索引	0,2,2	1
TERM	3	総索引	1,7,10	0
TERM	4	総索引	1,60,105	1
TERM	5	総索引	1,77,134	0
TERM	6	品詞タグ付きコーパス	0,6,8	0
TERM	7	品詞タグ付きコーパス	1,23,33	0
TERM	8	品詞タグ付きコーパス	1,47,82	0
TERM	9	品詞タグ付きコーパス	1,63,108	2
TERM	10	品詞タグ付きコーパス	1,240,369	0
TERM	11	作成	0,11,18	0
TERM	12	品詞タグ付きコーパスの作成	0,6,8	4
TERM	13	全単語	1,0,0	0
TERM	14	出現箇所	1,3,3	0
TERM	15	日本	1,10,14	0
TERM	16	研究	1,14,18	0
TERM	17	古典の研究	1,12,16	0
TERM	18	補助	1,16,20	0
TERM	19	研究の補助	1,14,18	0
TERM	20	コンピュータ	1,28,44	0
TERM	21	自然語研究	1,31,53	0
TERM	22	手段	1,35,58	0
TERM	23	日本語古典文	1,41,72	0
TERM	24	公開	1,52,93	0
TERM	25	変換	1,68,119	0
TERM	26	変換	1,211,330	0
TERM	27	方法	1,70,123	0
TERM	28	検討	1,72,125	0
TERM	29	方法の検討	1,70,123	0
TERM	30	使用	1,75,130	0
TERM	31	本文編	1,80,138	0
TERM	32	索引編	1,83,142	0
TERM	33	後者	1,89,151	0
TERM	34	単語	1,91,154	0
TERM	35	単語	1,106,176	0
TERM	36	単語	1,133,215	0
TERM	37	単語	1,140,225	0
TERM	38	仮名	1,93,156	0
TERM	39	漢字表記・品詞情報	1,95,159	0
TERM	40	見出し	1,101,168	0
TERM	41	見出し	1,172,272	0
TERM	42	本文	1,108,178	0
TERM	43	出現行番号	1,111,182	0
TERM	44	リスト	1,115,187	0
TERM	45	変換機能	1,119,194	0
TERM	46	活用表	1,123,200	0
TERM	47	知識	1,126,203	0
TERM	48	保持	1,129,208	0
TERM	49	部分文字列	1,135,217	0
TERM	50	表記	1,142,227	0
TERM	51	単語の表記	1,140,225	0
TERM	52	一致	1,144,230	0
TERM	53	両者	1,147,234	0
TERM	54	同一行	1,149,237	0
TERM	55	出現	1,152,241	0
TERM	56	こと	1,154,245	0
TERM	57	問題	1,158,252	0
TERM	58	最長一致法	1,164,261	3
TERM	59	索引	1,170,270	0
TERM	60	漢字表記	1,174,275	0
TERM	61	見出しの漢字表記	1,172,272	0
TERM	62	送り仮名等	1,177,280	0
TERM	63	仮名文字	1,180,285	0
TERM	64	ため	1,185,293	0
TERM	65	ため	1,209,327	0
TERM	66	照合条件	1,187,296	0
TERM	67	先読み法	1,191,303	3
TERM	68	照合失敗部	1,197,311	0
TERM	69	索引自体	1,201,317	0
TERM	70	誤り	1,204,321	0
TERM	71	対処	1,207,325	0
TERM	72	不完全部分	1,213,332	0
TERM	73	印	1,218,339	0
TERM	74	出力	1,220,340	0
TERM	75	印の出力	1,218,339	0
TERM	76	人手	1,222,343	0
TERM	77	検査・修正	1,224,346	0
TERM	78	結果	1,231,357	0
TERM	79	約15万単語	1,233,360	0
TERM	80	古典文	1,237,366	0
REL	4	9	1
