TERM	0	連想概念辞書	0,0,0	1
TERM	1	連想概念辞書	1,93,143	1
TERM	2	連想概念辞書	1,139,212	1
TERM	3	距離情報	0,4,6	2
TERM	4	重要文	0,8,13	0
TERM	5	重要文	1,68,105	0
TERM	6	重要文	1,125,192	0
TERM	7	抽出	0,11,16	0
TERM	8	抽出	1,128,195	0
TERM	9	重要文の抽出	0,8,13	4
TERM	10	重要文の抽出	1,125,192	4
TERM	11	文書情報	1,1,3	0
TERM	12	中	1,4,7	0
TERM	13	部分	1,7,13	0
TERM	14	入手	1,9,15	0
TERM	15	部分の入手	1,7,13	0
TERM	16	ため	1,11,19	0
TERM	17	自動要約技術	1,14,23	0
TERM	18	文書	1,20,35	0
TERM	19	量	1,22,37	0
TERM	20	制御	1,24,38	0
TERM	21	量の制御	1,22,37	0
TERM	22	時間	1,28,44	0
TERM	23	適確	1,30,47	0
TERM	24	内容	1,32,50	0
TERM	25	把握	1,34,52	0
TERM	26	内容の把握	1,32,50	0
TERM	27	自動要約	1,44,70	0
TERM	28	文書中	1,50,79	0
TERM	29	文書中	1,115,181	0
TERM	30	箇所	1,54,84	0
TERM	31	判断	1,60,93	0
TERM	32	従来	1,66,103	0
TERM	33	従来	1,210,323	0
TERM	34	抽出方法	1,71,108	0
TERM	35	単語	1,75,114	0
TERM	36	単語	1,118,184	0
TERM	37	出現頻度	1,77,116	0
TERM	38	重要語	1,81,126	0
TERM	39	計算方法	1,84,129	0
TERM	40	本論	1,90,139	0
TERM	41	上位	1,99,154	0
TERM	42	下位概念	1,101,157	0
TERM	43	属性概念	1,104,162	0
TERM	44	動作概念	1,107,167	0
TERM	45	連想関係	1,111,174	2
TERM	46	連想関係	1,215,331	0
TERM	47	重要度	1,120,186	0
TERM	48	計算	1,123,189	0
TERM	49	計算	1,218,335	0
TERM	50	重要度の計算	1,120,186	3
TERM	51	手法	1,130,199	0
TERM	52	手法	1,212,325	0
TERM	53	提案	1,132,201	0
TERM	54	手法の提案	1,130,199	0
TERM	55	小学校	1,144,220	0
TERM	56	学習基本語彙	1,146,223	1
TERM	57	刺激語	1,150,229	2
TERM	58	連想語	1,155,237	0
TERM	59	連想語	1,167,256	0
TERM	60	収集	1,158,240	0
TERM	61	連想語の収集	1,155,237	3
TERM	62	構造化	1,160,244	0
TERM	63	距離	1,171,261	0
TERM	64	定量化	1,173,264	0
TERM	65	また既存	1,179,273	0
TERM	66	重要語抽出法	1,182,277	0
TERM	67	本手法	1,187,284	0
TERM	68	本手法	1,233,360	0
TERM	69	抽出結果	1,191,289	0
TERM	70	人間	1,196,296	0
TERM	71	人間	1,227,352	0
TERM	72	要約結果	1,199,303	0
TERM	73	比較	1,202,308	0
TERM	74	こと	1,204,312	0
TERM	75	こと	1,221,341	0
TERM	76	こと	1,240,372	0
TERM	77	評価	1,207,318	0
TERM	78	連想関係の計算	1,215,331	0
TERM	79	要約精度	1,224,347	0
TERM	80	要約	1,229,354	0
TERM	81	人間の要約	1,227,352	0
TERM	82	改良	1,237,367	0
REL	0	3	1
REL	3	9	3
REL	1	45	1
REL	45	50	2
REL	50	10	3
REL	56	57	1
REL	57	61	2
REL	61	2	1
