TERM	0	EMアルゴリズム	0,0,0	0
TERM	1	EMアルゴリズム	1,12,21	3
TERM	2	EMアルゴリズム	1,104,184	3
TERM	3	教師なし学習	0,4,11	0
TERM	4	教師なし学習	1,17,33	3
TERM	5	日本語翻訳タスク	0,8,17	0
TERM	6	日本語翻訳タスク	1,27,51	0
TERM	7	適用	0,14,27	0
TERM	8	適用	1,44,77	0
TERM	9	本論文	1,0,0	0
TERM	10	Nigamら	1,5,6	0
TERM	11	提案	1,9,16	0
TERM	12	利用	1,15,29	0
TERM	13	EMアルゴリズムの利用	1,12,21	0
TERM	14	手法	1,21,39	0
TERM	15	手法	1,48,84	0
TERM	16	SENSEVAL2	1,24,42	0
TERM	17	出題	1,32,60	0
TERM	18	名詞	1,35,65	0
TERM	19	語義	1,37,67	0
TERM	20	曖昧性解消問題	1,39,69	4
TERM	21	ラベルなしデータ	1,51,88	1
TERM	22	ラベル	1,55,96	0
TERM	23	ラベル	1,82,152	0
TERM	24	欠損値	1,57,99	0
TERM	25	観測データ	1,61,105	1
TERM	26	観測データ	1,65,113	1
TERM	27	発生	1,68,118	0
TERM	28	観測データの発生	1,65,113	0
TERM	29	モデル	1,71,123	0
TERM	30	モデル	1,77,142	0
TERM	31	モデル	1,113,202	0
TERM	32	NaiveBayesモデル	1,73,126	3
TERM	33	未知パラメータ	1,79,145	0
TERM	34	もと	1,85,157	0
TERM	35	素性	1,87,160	0
TERM	36	素性	1,128,223	0
TERM	37	条件付き確率	1,91,166	0
TERM	38	|	1,97,175	0
TERM	39	設定	1,101,179	0
TERM	40	設定	1,147,252	0
TERM	41	結果	1,109,196	0
TERM	42	識別精度	1,115,205	0
TERM	43	向上	1,118,210	0
TERM	44	向上	1,260,450	0
TERM	45	識別	1,124,219	0
TERM	46	ため	1,126,221	0
TERM	47	対象単語	1,132,229	0
TERM	48	前後数単語	1,135,233	0
TERM	49	原型	1,139,238	0
TERM	50	表記	1,141,241	0
TERM	51	もの	1,145,249	0
TERM	52	実験	1,150,257	0
TERM	53	ラベル付き訓練データ	1,154,262	0
TERM	54	ラベル付き訓練データ	1,196,346	0
TERM	55	学習	1,160,276	0
TERM	56	学習	1,174,306	0
TERM	57	NaiveBayes	1,162,280	0
TERM	58	NaiveBayes	1,237,408	0
TERM	59	正解率	1,164,290	0
TERM	60	正解率	1,179,315	0
TERM	61	正解率	1,218,382	0
TERM	62	正解率	1,239,418	0
TERM	63	58.2%	1,167,294	0
TERM	64	同データ	1,171,300	0
TERM	65	決定リスト	1,176,310	0
TERM	66	58.9%	1,182,319	0
TERM	67	Ibaraki	1,186,325	0
TERM	68	公式成績	1,188,332	0
TERM	69	の	1,192,341	0
TERM	70	他	1,201,356	0
TERM	71	ラベルなし訓練データ	1,203,358	0
TERM	72	本手法	1,209,371	0
TERM	73	61.8%	1,214,377	0
TERM	74	また訓練データ	1,223,388	0
TERM	75	一部	1,227,395	0
TERM	76	不具合	1,229,397	0
TERM	77	修正	1,232,400	0
TERM	78	不具合の修正	1,229,397	0
TERM	79	こと	1,234,404	0
TERM	80	こと	1,263,455	0
TERM	81	62.3%	1,242,421	0
TERM	82	改善	1,246,427	0
TERM	83	更に本手法	1,249,433	0
TERM	84	68.2%	1,256,444	0
REL	1	4	4
REL	4	20	3
REL	21	25	5
REL	32	26	1
REL	26	2	2
