TERM	0	サポートベクタマシン	0,0,0	3
TERM	1	サポートベクタマシン	1,11,16	3
TERM	2	サポートベクタマシン	1,32,57	0
TERM	3	サポートベクタマシン	1,128,230	3
TERM	4	対訳表現	0,5,13	0
TERM	5	対訳表現	1,22,42	0
TERM	6	対訳表現	1,133,244	0
TERM	7	対訳表現	1,140,254	0
TERM	8	対訳表現	1,150,268	0
TERM	9	対訳表現	1,176,312	0
TERM	10	対訳表現	1,214,382	0
TERM	11	抽出	0,8,17	0
TERM	12	抽出	1,25,46	0
TERM	13	抽出	1,143,258	0
TERM	14	抽出	1,179,316	0
TERM	15	抽出	1,217,388	0
TERM	16	対訳表現の抽出	0,5,13	4
TERM	17	対訳表現の抽出	1,22,42	4
TERM	18	対訳表現の抽出	1,140,254	4
TERM	19	対訳表現の抽出	1,176,312	0
TERM	20	本論文	1,0,0	0
TERM	21	機械学習	1,5,6	0
TERM	22	一手法	1,8,10	0
TERM	23	文対応付き対訳コーパス	1,16,29	1
TERM	24	手法	1,27,50	0
TERM	25	手法	1,148,265	0
TERM	26	提案	1,29,52	0
TERM	27	手法の提案	1,27,50	0
TERM	28	従来	1,36,68	0
TERM	29	学習モデル	1,39,74	0
TERM	30	汎化能力	1,43,83	0
TERM	31	過学習	1,46,90	0
TERM	32	ため	1,50,97	0
TERM	33	ため	1,166,290	0
TERM	34	データスパースネス	1,52,100	0
TERM	35	データスパースネス	1,168,293	0
TERM	36	カーネル関数	1,57,119	0
TERM	37	こと	1,61,128	0
TERM	38	こと	1,73,148	0
TERM	39	素性	1,64,134	0
TERM	40	素性	1,89,172	0
TERM	41	素性	1,97,185	2
TERM	42	素性	1,103,193	2
TERM	43	素性	1,108,201	2
TERM	44	素性	1,114,210	2
TERM	45	素性	1,123,224	2
TERM	46	依存関係	1,66,136	0
TERM	47	素性の依存関係	1,64,134	0
TERM	48	自動	1,69,140	0
TERM	49	学習	1,71,144	0
TERM	50	学習	1,208,371	0
TERM	51	特徴	1,78,157	0
TERM	52	特徴	1,222,399	0
TERM	53	本手法	1,82,162	0
TERM	54	本手法	1,186,330	0
TERM	55	対訳モデル	1,86,167	0
TERM	56	対訳モデル	1,194,345	0
TERM	57	対訳辞書	1,93,178	1
TERM	58	語数	1,99,188	1
TERM	59	品詞	1,105,196	1
TERM	60	構成語	1,110,204	1
TERM	61	近傍	1,116,213	0
TERM	62	出現	1,118,216	0
TERM	63	語	1,120,220	1
TERM	64	使用	1,125,226	0
TERM	65	素性の使用	1,123,224	0
TERM	66	対応度	1,136,248	2
TERM	67	対応度	1,153,272	0
TERM	68	既存	1,146,263	0
TERM	69	計算	1,156,275	0
TERM	70	対応度の計算	1,153,272	0
TERM	71	単語	1,158,278	0
TERM	72	共起関係	1,160,280	0
TERM	73	単語の共起関係	1,158,278	0
TERM	74	利用	1,163,284	0
TERM	75	共起関係の利用	1,160,280	0
TERM	76	低頻度	1,173,309	0
TERM	77	低頻度	1,211,379	0
TERM	78	低頻度の対訳表現	1,173,309	0
TERM	79	低頻度の対訳表現	1,211,379	0
TERM	80	の	1,182,324	0
TERM	81	訓練コーパス	1,190,335	0
TERM	82	あらかじめ学習	1,197,350	0
TERM	83	対訳モデルのあらかじめ学習	1,194,345	0
TERM	84	一旦モデル	1,205,366	0
TERM	85	一旦モデルの学習	1,205,366	0
REL	0	16	3
REL	23	1	2
REL	1	17	3
REL	57	41	1
REL	58	42	1
REL	59	43	1
REL	60	44	1
REL	63	45	1
REL	41	3	2
REL	42	3	2
REL	43	3	2
REL	44	3	2
REL	45	3	2
REL	3	66	1
REL	66	18	3
