TERM	0	自動構築	0,0,0	0
TERM	1	自動構築	1,37,53	0
TERM	2	格フレーム辞書	0,3,6	1
TERM	3	格フレーム辞書	1,40,59	1
TERM	4	格フレーム辞書	1,126,200	0
TERM	5	先行詞	0,7,14	0
TERM	6	先行詞	1,23,34	0
TERM	7	先行詞	1,67,107	0
TERM	8	先行詞	1,75,118	0
TERM	9	先行詞	1,107,170	0
TERM	10	先行詞	1,130,208	0
TERM	11	位置選好順序	0,10,17	2
TERM	12	位置選好順序	1,110,173	3
TERM	13	位置選好順序	1,133,211	0
TERM	14	省略解析	0,15,26	4
TERM	15	本稿	1,0,0	0
TERM	16	日本語文章中	1,4,5	0
TERM	17	格要素	1,10,15	0
TERM	18	省略	1,13,18	0
TERM	19	格要素の省略	1,10,15	0
TERM	20	ゼロ代名詞	1,15,21	0
TERM	21	ゼロ代名詞	1,49,77	0
TERM	22	ゼロ代名詞	1,64,102	0
TERM	23	ゼロ代名詞	1,78,122	0
TERM	24	ゼロ代名詞	1,177,285	0
TERM	25	検出	1,19,28	0
TERM	26	検出	1,52,82	0
TERM	27	同定	1,26,37	0
TERM	28	同定	1,70,110	0
TERM	29	先行詞の同定	1,23,34	4
TERM	30	先行詞の同定	1,67,107	4
TERM	31	手法	1,28,41	0
TERM	32	提案	1,30,43	0
TERM	33	手法の提案	1,28,41	0
TERM	34	本手法	1,33,48	0
TERM	35	格解析	1,45,70	3
TERM	36	ゼロ代名詞の検出	1,49,77	3
TERM	37	同辞書	1,55,86	0
TERM	38	選択制限	1,60,95	3
TERM	39	ところ	1,82,131	0
TERM	40	存在	1,84,135	0
TERM	41	傾向	1,89,144	0
TERM	42	モデル化	1,92,149	0
TERM	43	ため	1,95,155	0
TERM	44	文・文章中	1,98,159	0
TERM	45	構造	1,103,164	0
TERM	46	考慮	1,105,166	0
TERM	47	構造の考慮	1,103,164	0
TERM	48	コーパス	1,114,179	1
TERM	49	学習	1,116,185	0
TERM	50	解析	1,121,192	3
TERM	51	利用	1,123,195	0
TERM	52	さらに機械学習	1,137,218	0
TERM	53	統合	1,141,225	0
TERM	54	さらに機械学習の統合	1,137,218	0
TERM	55	省略解析システム	1,143,229	0
TERM	56	作成	1,147,237	0
TERM	57	省略解析システムの作成	1,143,229	0
TERM	58	100記事	1,150,241	0
TERM	59	大規模解析実験	1,153,246	0
TERM	60	100記事の大規模解析実験	1,150,241	0
TERM	61	結果	1,159,256	0
TERM	62	ゼロ代名詞検出	1,161,259	0
TERM	63	適合率87.1%	1,165,267	0
TERM	64	再現率74.8%	1,171,276	0
TERM	65	先行詞同定	1,180,290	0
TERM	66	ゼロ代名詞の先行詞同定	1,177,285	0
TERM	67	61.8%	1,184,296	0
TERM	68	精度	1,188,301	0
REL	3	35	2
REL	3	38	2
REL	35	36	4
REL	38	30	3
REL	48	12	2
REL	12	50	4
REL	35	50	5
