TERM	0	直訳性	0,0,0	0
TERM	1	直訳性	1,78,125	0
TERM	2	直訳性	1,129,196	2
TERM	3	直訳性	1,215,324	0
TERM	4	利用	0,3,3	0
TERM	5	直訳性の利用	0,0,0	0
TERM	6	機械翻訳知識	0,5,7	0
TERM	7	機械翻訳知識	1,0,0	0
TERM	8	自動構築	0,9,13	0
TERM	9	自動構築	1,7,14	0
TERM	10	自動構築	1,168,254	0
TERM	11	機械翻訳知識の自動構築	0,5,7	0
TERM	12	対訳コーパス	1,4,6	0
TERM	13	際	1,10,20	0
TERM	14	コーパス中	1,12,22	0
TERM	15	存在	1,15,28	0
TERM	16	翻訳	1,17,32	0
TERM	17	多様性	1,19,34	0
TERM	18	起因	1,22,38	0
TERM	19	知識	1,25,45	0
TERM	20	知識	1,171,260	0
TERM	21	獲得	1,27,48	0
TERM	22	誤訳	1,31,53	0
TERM	23	曖昧性増大	1,33,56	0
TERM	24	原因	1,37,61	0
TERM	25	曖昧性増大の原因	1,33,56	0
TERM	26	本稿	1,41,67	0
TERM	27	問題	1,45,73	0
TERM	28	機械翻訳	1,50,80	0
TERM	29	機械翻訳	1,68,109	0
TERM	30	機械翻訳	1,174,265	0
TERM	31	対訳文	1,54,88	0
TERM	32	対訳文	1,72,117	0
TERM	33	対訳文	1,140,216	1
TERM	34	制限	1,58,93	0
TERM	35	翻訳知識自動構築	1,61,97	4
TERM	36	指標	1,75,120	0
TERM	37	提案	1,81,128	0
TERM	38	提案	1,112,173	0
TERM	39	直訳性の提案	1,78,125	0
TERM	40	測定	1,86,135	0
TERM	41	尺度	1,88,139	0
TERM	42	対訳対応率	1,91,144	0
TERM	43	対訳対応率	1,99,156	0
TERM	44	定義	1,95,149	0
TERM	45	対訳対応率の定義	1,91,144	0
TERM	46	知識構築法	1,108,168	0
TERM	47	知識構築法の提案	1,108,168	0
TERM	48	翻訳知識構築	1,119,182	0
TERM	49	前処理	1,123,188	0
TERM	50	翻訳知識構築の前処理	1,119,182	0
TERM	51	対訳文フィルタリング	1,133,202	3
TERM	52	直訳部	1,143,219	0
TERM	53	意訳部	1,146,223	0
TERM	54	分割	1,149,227	0
TERM	55	部分	1,152,231	0
TERM	56	汎化手法	1,155,237	3
TERM	57	適用	1,159,241	0
TERM	58	汎化手法の適用	1,155,237	0
TERM	59	効果	1,165,250	0
TERM	60	訳文	1,179,273	0
TERM	61	品質	1,181,275	0
TERM	62	観点	1,184,280	0
TERM	63	評価	1,186,283	0
TERM	64	結果	1,191,291	0
TERM	65	後者	1,193,294	0
TERM	66	分割構築	1,195,296	0
TERM	67	後者の分割構築	1,193,294	0
TERM	68	場合	1,198,300	0
TERM	69	約8.6%	1,200,303	0
TERM	70	入力文	1,205,308	0
TERM	71	翻訳品質	1,209,315	0
TERM	72	向上	1,212,320	0
TERM	73	機械翻訳知識構築	1,219,330	0
TERM	74	翻訳品質向上	1,225,340	0
TERM	75	こと	1,230,352	0
TERM	76	確認	1,232,355	0
REL	2	51	2
REL	33	56	2
REL	33	2	1
REL	51	35	3
REL	56	35	3
