TERM	0	関連用語収集問題	0,0,0	4
TERM	1	関連用語収集問題	1,5,8	4
TERM	2	解法	0,6,11	0
TERM	3	本論文	1,0,0	0
TERM	4	提案	1,3,4	0
TERM	5	専門用語	1,13,23	0
TERM	6	専門用語	1,41,69	0
TERM	7	専門用語	1,212,378	0
TERM	8	関連	1,21,36	0
TERM	9	関連	1,51,87	0
TERM	10	関連	1,188,338	0
TERM	11	関連	1,207,371	0
TERM	12	用語集合	1,23,40	0
TERM	13	問題	1,27,47	0
TERM	14	問題	1,31,55	0
TERM	15	ため	1,34,59	0
TERM	16	用語	1,39,66	0
TERM	17	用語	1,190,342	0
TERM	18	入力用語	1,47,80	0
TERM	19	入力用語	1,135,245	0
TERM	20	入力用語	1,184,331	0
TERM	21	入力用語	1,203,364	0
TERM	22	判定	1,57,96	0
TERM	23	判定	1,92,162	3
TERM	24	方法	1,59,100	0
TERM	25	本研究	1,65,109	0
TERM	26	ウェブ	1,70,115	0
TERM	27	サーチエンジン	1,72,118	1
TERM	28	サーチエンジン	1,129,233	1
TERM	29	ヒット数	1,75,125	2
TERM	30	計算	1,78,131	0
TERM	31	Jaccard係数	1,80,135	3
TERM	32	Jaccard係数	1,166,298	3
TERM	33	chi^2統計量	1,83,148	3
TERM	34	chi^2統計量	1,169,311	3
TERM	35	作成	1,96,168	0
TERM	36	作成	1,199,355	0
TERM	37	関連用語収集システム	1,98,172	4
TERM	38	候補語収集モジュール	1,104,184	3
TERM	39	候補語収集モジュール	1,123,221	3
TERM	40	関連用語選択モジュール	1,109,195	3
TERM	41	関連用語選択モジュール	1,160,285	3
TERM	42	2つ	1,114,206	0
TERM	43	モジュール	1,117,208	0
TERM	44	構成	1,119,215	0
TERM	45	利用	1,132,240	0
TERM	46	サーチエンジンの利用	1,129,233	0
TERM	47	出現	1,138,250	0
TERM	48	ウェブページ	1,140,254	0
TERM	49	収集	1,143,260	0
TERM	50	収集	1,157,280	0
TERM	51	収集	1,215,382	0
TERM	52	ウェブページの収集	1,140,254	0
TERM	53	ページ	1,149,268	0
TERM	54	関連用語	1,151,273	0
TERM	55	候補語	1,154,277	0
TERM	56	候補語	1,179,325	0
TERM	57	候補語の収集	1,154,277	0
TERM	58	値	1,175,319	0
TERM	59	中	1,182,328	0
TERM	60	選択	1,192,344	0
TERM	61	用語の選択	1,190,342	0
TERM	62	実験	1,195,349	0
TERM	63	システム	1,201,359	0
TERM	64	十数語	1,209,375	0
TERM	65	専門用語の収集	1,212,378	0
TERM	66	こと	1,217,387	0
REL	27	29	1
REL	29	31	2
EWL	29	33	2
REL	31	23	4
REL	33	23	4
REL	38	37	3
REL	40	37	3
REL	28	39	2
REL	32	41	4
REL	34	41	4
