TERM	0	属性語	0,0,0	2
TERM	1	属性語	1,9,14	2
TERM	2	属性語	1,80,130	2
TERM	3	属性語	1,126,204	0
TERM	4	seriesWeb文書	0,3,3	1
TERM	5	自動発見	0,7,17	0
TERM	6	人手評価	0,10,22	0
TERM	7	ため	0,13,26	0
TERM	8	ため	1,87,140	0
TERM	9	基準	0,15,28	0
TERM	10	本論文	1,0,0	0
TERM	11	本論文	1,72,119	0
TERM	12	概念クラス	1,6,9	0
TERM	13	概念クラス	1,109,175	0
TERM	14	日本語	1,12,17	0
TERM	15	Web文書	1,15,20	1
TERM	16	獲得	1,18,27	0
TERM	17	獲得	1,77,125	0
TERM	18	獲得	1,132,211	0
TERM	19	手法	1,20,31	0
TERM	20	手法	1,27,42	0
TERM	21	提案	1,22,33	0
TERM	22	提案	1,25,38	0
TERM	23	提案	1,98,157	0
TERM	24	手法の提案	1,20,31	0
TERM	25	Web検索	1,30,46	0
TERM	26	候補	1,36,58	0
TERM	27	単語	1,38,60	0
TERM	28	言語的パターン・HTMLタグ・単語	1,40,62	0
TERM	29	出現	1,49,79	0
TERM	30	言語的パターン・HTMLタグ・単語の出現	1,40,62	0
TERM	31	統計量	1,51,81	0
TERM	32	計算	1,54,86	0
TERM	33	スコア	1,57,91	0
TERM	34	スコア	1,138,224	0
TERM	35	順位付け	1,59,95	0
TERM	36	教師無し	1,63,104	0
TERM	37	獲得手法	1,66,108	0
TERM	38	人手	1,83,133	0
TERM	39	人手	1,117,190	0
TERM	40	評価	1,85,136	0
TERM	41	評価	1,119,193	0
TERM	42	質問解答可能性	1,89,142	3
TERM	43	評価手順	1,95,153	0
TERM	44	評価手順	1,102,164	0
TERM	45	評価手順の提案	1,95,153	4
TERM	46	提案獲得手法	1,113,184	0
TERM	47	提案手法	1,122,197	0
TERM	48	高精度	1,129,207	0
TERM	49	こと	1,134,218	0
TERM	50	こと	1,151,249	0
TERM	51	各手がかり	1,141,231	0
TERM	52	性能	1,146,240	0
TERM	53	貢献	1,148,243	0
TERM	54	確認	1,153,251	0
TERM	55	ことの確認	1,151,249	0
REL	42	45	3
REL	2	42	2
REL	4	0	1
REL	15	1	1
REL	4	15	5
