TERM	0	自動構築	0,0,0	0
TERM	1	大規模格フレーム	0,3,6	1
TERM	2	構文・格解析	0,9,18	0
TERM	3	構文・格解析	1,8,14	4
TERM	4	統合的確率モデル	0,14,24	3
TERM	5	本稿	1,0,0	0
TERM	6	格フレーム	1,4,5	1
TERM	7	格フレーム	1,22,36	1
TERM	8	格フレーム	1,62,106	1
TERM	9	統合	1,13,20	0
TERM	10	構文・格解析の統合	1,8,14	0
TERM	11	確率モデル	1,16,26	3
TERM	12	確率モデル	1,42,74	3
TERM	13	提案	1,19,31	0
TERM	14	確率モデルの提案	1,16,26	0
TERM	15	ウェブテキスト約5億文	1,26,43	1
TERM	16	自動	1,31,56	0
TERM	17	構築	1,33,60	0
TERM	18	大規模	1,35,64	0
TERM	19	もの	1,38,68	0
TERM	20	もの	1,72,124	0
TERM	21	述語項構造	1,46,81	0
TERM	22	基本単位	1,50,86	0
TERM	23	生成	1,57,96	0
TERM	24	確率	1,59,100	0
TERM	25	語彙	1,66,114	0
TERM	26	選好	1,68,118	3
TERM	27	利用	1,70,120	0
TERM	28	選好の利用	1,68,118	0
TERM	29	ウェブ	1,75,130	0
TERM	30	テキスト	1,77,133	0
TERM	31	実験	1,80,140	0
TERM	32	特に述語項構造	1,84,145	0
TERM	33	関連	1,89,153	0
TERM	34	係り受け	1,91,157	0
TERM	35	精度	1,94,161	0
TERM	36	向上	1,96,164	0
TERM	37	こと	1,98,168	0
TERM	38	こと	1,131,224	0
TERM	39	こと	1,142,242	0
TERM	40	確認	1,100,170	0
TERM	41	確認	1,140,238	0
TERM	42	ことの確認	1,98,168	0
TERM	43	語彙的選好	1,105,178	0
TERM	44	程度	1,110,186	0
TERM	45	調査	1,116,197	0
TERM	46	ところ	1,118,201	0
TERM	47	60.7%	1,120,205	0
TERM	48	カバレージ	1,135,231	0
TERM	49	高さ	1,137,236	0
TERM	50	高さの確認	1,137,236	0
REL	1	4	2
REL	6	11	2
REL	11	3	3
REL	15	7	1
REL	6	7	5
REL	8	26	2
REL	26	12	4
REL	11	12	5
