TERM	0	日中機械翻訳	0,0,0	0
TERM	1	日中機械翻訳	1,68,103	0
TERM	2	日中機械翻訳	1,125,198	0
TERM	3	存在表現	0,6,10	0
TERM	4	存在表現	1,39,67	0
TERM	5	存在表現	1,89,141	0
TERM	6	存在表現	1,115,180	0
TERM	7	存在表現	1,162,251	0
TERM	8	翻訳処理	0,9,14	0
TERM	9	存在表現の翻訳処理	0,6,10	0
TERM	10	存在文	1,0,0	0
TERM	11	言語	1,4,8	0
TERM	12	言語	1,26,44	0
TERM	13	言語	1,31,52	0
TERM	14	存在	1,7,12	0
TERM	15	人間	1,10,16	0
TERM	16	もっとも原始	1,12,18	0
TERM	17	思考	1,15,26	0
TERM	18	言語表現	1,17,28	0
TERM	19	思考の言語表現	1,15,26	0
TERM	20	一つ	1,20,32	0
TERM	21	特徴	1,28,47	0
TERM	22	意味上	1,42,71	0
TERM	23	構文上	1,45,75	0
TERM	24	多様さ	1,48,78	0
TERM	25	ため	1,51,81	0
TERM	26	ため	1,65,99	0
TERM	27	ため	1,129,204	0
TERM	28	更に中国語	1,54,85	0
TERM	29	対応関係	1,59,92	0
TERM	30	複雑さ	1,62,96	0
TERM	31	現在	1,80,127	0
TERM	32	日中市販翻訳ソフト	1,82,129	0
TERM	33	起因	1,92,146	0
TERM	34	誤訳	1,94,150	0
TERM	35	訳語選択	1,96,153	0
TERM	36	語順	1,99,158	0
TERM	37	本論文	1,106,169	0
TERM	38	日中両言語	1,111,175	0
TERM	39	日中両言語の存在表現	1,111,175	0
TERM	40	異同	1,119,188	0
TERM	41	考察	1,122,194	0
TERM	42	日本語文	1,132,208	1
TERM	43	構文特徴	1,136,212	2
TERM	44	対応名詞	1,139,217	1
TERM	45	属性	1,142,221	2
TERM	46	中国語文	1,144,224	1
TERM	47	構文構造	1,148,228	2
TERM	48	利用	1,152,235	0
TERM	49	存在動詞	1,154,239	0
TERM	50	翻訳規則	1,157,243	3
TERM	51	翻訳規則	1,175,272	3
TERM	52	翻訳方法	1,165,255	0
TERM	53	提案	1,169,263	0
TERM	54	我々	1,178,276	0
TERM	55	研究室	1,180,278	0
TERM	56	開発	1,183,282	0
TERM	57	日中機械翻訳システムJaw	1,186,288	4
TERM	58	Chinese	1,192,302	0
TERM	59	翻訳実験	1,197,316	0
TERM	60	翻訳実験	1,207,332	0
TERM	61	更に手作業	1,202,324	0
TERM	62	規則	1,213,343	0
TERM	63	検証	1,215,345	0
TERM	64	規則の検証	1,213,343	0
TERM	65	評価	1,219,352	0
REL	42	43	1
REL	44	45	1
REL	46	47	1
REL	43	50	2
REL	45	50	2
REL	47	50	2
REL	51	57	3
