TERM	0	評判情報	0,0,0	3
TERM	1	評判情報	1,8,10	0
TERM	2	評判情報	1,67,109	0
TERM	3	評判情報	1,163,257	3
TERM	4	評判情報	1,187,294	3
TERM	5	評判情報	1,194,305	0
TERM	6	レベル	0,3,4	0
TERM	7	レベル	1,65,105	0
TERM	8	レベル	1,161,254	0
TERM	9	レベル	1,185,291	0
TERM	10	考慮	0,5,7	0
TERM	11	考慮	1,166,261	0
TERM	12	レベルの考慮	0,3,4	0
TERM	13	評価文書	0,7,11	0
TERM	14	評価文書	1,20,32	1
TERM	15	評価文書	1,77,125	0
TERM	16	評価文書	1,116,182	0
TERM	17	評価文書	1,135,214	0
TERM	18	評価文書	1,211,327	0
TERM	19	評価文書	1,278,435	0
TERM	20	分類	0,10,15	0
TERM	21	分類	1,41,69	4
TERM	22	分類	1,138,218	0
TERM	23	分類	1,153,243	4
TERM	24	評価文書の分類	0,7,11	4
TERM	25	評価文書の分類	1,135,214	4
TERM	26	評価情報	0,12,18	0
TERM	27	信頼性評価	0,15,22	0
TERM	28	信頼性評価	1,197,309	0
TERM	29	信頼性評価	1,281,439	0
TERM	30	評価情報の信頼性評価	0,12,18	4
TERM	31	応用	0,20,29	0
TERM	32	本論文	1,0,0	0
TERM	33	Web上	1,5,6	0
TERM	34	活用	1,12,17	0
TERM	35	ため	1,14,21	0
TERM	36	ため	1,127,200	0
TERM	37	レビュー	1,17,25	0
TERM	38	レビュー	1,245,377	0
TERM	39	ポジティブ	1,23,36	0
TERM	40	おすすめ	1,25,42	0
TERM	41	極性値	1,38,65	0
TERM	42	極性値	1,113,178	0
TERM	43	極性値	1,119,186	0
TERM	44	極性値	1,214,331	0
TERM	45	極性値	1,224,344	0
TERM	46	手法	1,43,73	0
TERM	47	提案	1,45,75	0
TERM	48	提案	1,204,317	0
TERM	49	提案	1,273,426	0
TERM	50	手法の提案	1,43,73	0
TERM	51	本手法	1,48,80	0
TERM	52	本手法	1,260,408	0
TERM	53	全体評判情報	1,53,86	0
TERM	54	全体評判情報	1,72,117	0
TERM	55	全体評判情報	1,109,172	3
TERM	56	全体評判情報	1,141,222	0
TERM	57	部分評判情報	1,57,93	0
TERM	58	部分評判情報	1,91,146	0
TERM	59	部分評判情報	1,148,234	3
TERM	60	部分評判情報	1,220,338	0
TERM	61	部分評判情報	1,231,356	0
TERM	62	対象全般	1,80,129	0
TERM	63	評価表現	1,84,137	0
TERM	64	評価表現	1,102,163	0
TERM	65	こと	1,87,141	0
TERM	66	こと	1,105,167	0
TERM	67	こと	1,168,265	0
TERM	68	こと	1,191,301	0
TERM	69	こと	1,290,451	0
TERM	70	対象	1,96,154	0
TERM	71	一属性	1,98,156	0
TERM	72	一致	1,122,190	0
TERM	73	まず全体評判情報	1,129,203	0
TERM	74	場合	1,146,231	0
TERM	75	場合	1,228,351	0
TERM	76	評判情報の考慮	1,163,257	0
TERM	77	分類精度	1,170,268	0
TERM	78	向上	1,173,272	0
TERM	79	分類精度の向上	1,170,268	4
TERM	80	期待	1,175,275	0
TERM	81	評判情報の信頼性評価	1,194,305	4
TERM	82	一手法	1,201,314	0
TERM	83	一手法の提案	1,201,314	0
TERM	84	中	1,218,337	0
TERM	85	信頼性	1,235,363	0
TERM	86	評価	1,240,370	0
TERM	87	映画	1,243,375	0
TERM	88	映画のレビュー	1,243,375	0
TERM	89	評価実験	1,248,384	0
TERM	90	結果	1,251,388	0
TERM	91	結果	1,266,415	0
TERM	92	ナイーブベイズ	1,253,391	0
TERM	93	分類手法	1,256,401	0
TERM	94	方	1,263,411	0
TERM	95	評価指標	1,275,430	0
TERM	96	評価文書の信頼性評価	1,278,435	0
TERM	97	1つ	1,285,444	0
TERM	98	示唆	1,292,453	0
TERM	99	ことの示唆	1,290,451	0
REL	0	24	3
REL	0	30	3
REL	14	21	3
REL	55	25	3
REL	59	23	3
REL	3	79	3
REL	4	96	3
REL	55	3	5
REL	59	3	5
REL	55	4	5
REL	59	4	5
