TERM	0	Web上	0,0,0	0
TERM	1	Web上	1,4,5	0
TERM	2	情報	0,3,4	0
TERM	3	情報	1,7,9	0
TERM	4	関連語	0,6,9	0
TERM	5	関連語	1,14,19	0
TERM	6	関連語	1,86,144	0
TERM	7	シソーラス構築	0,9,12	4
TERM	8	関連語のシソーラス構築	0,6,9	4
TERM	9	本論文	1,0,0	0
TERM	10	利用	1,9,11	0
TERM	11	利用	1,29,44	0
TERM	12	情報の利用	1,7,9	0
TERM	13	自動	1,12,15	0
TERM	14	シソーラス	1,17,22	0
TERM	15	シソーラス	1,96,161	0
TERM	16	構築	1,19,27	0
TERM	17	シソーラスの構築	1,17,22	4
TERM	18	手法	1,21,31	0
TERM	19	提案	1,23,33	0
TERM	20	手法の提案	1,21,31	0
TERM	21	検索エンジン	1,26,38	1
TERM	22	検索エンジンの利用	1,26,38	0
TERM	23	chi^2値	1,32,48	3
TERM	24	語	1,38,57	0
TERM	25	語	1,73,115	0
TERM	26	関連度	1,40,58	3
TERM	27	関連度	1,52,74	0
TERM	28	指標	1,43,61	0
TERM	29	指標	1,55,77	0
TERM	30	従来	1,47,66	0
TERM	31	Web	1,49,68	0
TERM	32	問題点	1,57,79	0
TERM	33	解決	1,60,82	0
TERM	34	問題点の解決	1,57,79	4
TERM	35	クラスタリング手法	1,66,93	0
TERM	36	Newman法	1,69,105	3
TERM	37	ネットワーク	1,75,116	0
TERM	38	クラスタリング	1,77,122	3
TERM	39	こと	1,79,131	0
TERM	40	従来手法	1,82,135	0
TERM	41	同定	1,89,147	0
TERM	42	関連語の同定	1,86,144	4
TERM	43	コーパス	1,92,152	0
TERM	44	既存	1,94,159	0
TERM	45	生成	1,98,168	0
TERM	46	関連語正解セット	1,100,172	0
TERM	47	提案手法	1,107,183	0
TERM	48	効果	1,110,187	0
TERM	49	検証	1,114,194	0
REL	21	23	2
REL	23	26	4
REL	26	34	3
REL	36	38	4
REL	38	42	3
REL	7	8	5
