TERM	0	携帯メール	0,0,0	0
TERM	1	携帯メール	1,6,7	0
TERM	2	学習者	0,4,8	0
TERM	3	学習者	1,191,299	0
TERM	4	学習者	1,201,314	0
TERM	5	感情評価	0,7,11	0
TERM	6	感情評価	1,19,31	3
TERM	7	感情評価	1,45,69	0
TERM	8	学習者の感情評価	0,4,8	0
TERM	9	学習態度	0,10,16	0
TERM	10	学習態度	1,24,38	0
TERM	11	分析	0,13,20	0
TERM	12	分析	1,27,42	0
TERM	13	学習態度の分析	0,10,16	0
TERM	14	学習態度の分析	1,24,38	3
TERM	15	本研究	1,0,0	0
TERM	16	目的	1,3,3	0
TERM	17	収集	1,10,16	0
TERM	18	大学生	1,12,20	0
TERM	19	授業感想文	1,15,26	1
TERM	20	授業感想文の感情評価	1,15,26	0
TERM	21	こと	1,29,46	0
TERM	22	こと	1,42,63	0
TERM	23	こと	1,121,180	0
TERM	24	こと	1,176,274	0
TERM	25	授業改善	1,33,53	4
TERM	26	授業改善	1,184,290	0
TERM	27	ため	1,36,57	0
TERM	28	方略	1,38,59	0
TERM	29	基準	1,48,73	0
TERM	30	興味	1,52,79	0
TERM	31	興味	1,116,173	0
TERM	32	意欲	1,54,82	0
TERM	33	意欲	1,101,153	0
TERM	34	意欲	1,194,302	0
TERM	35	知識	1,56,85	0
TERM	36	知識	1,118,176	0
TERM	37	考察	1,58,88	0
TERM	38	考察	1,103,156	0
TERM	39	考察	1,196,305	0
TERM	40	4つ	1,60,90	0
TERM	41	カテゴリ	1,63,92	1
TERM	42	感想文	1,66,98	0
TERM	43	感想文	1,97,148	0
TERM	44	感想文	1,112,168	0
TERM	45	感想文	1,143,223	0
TERM	46	分類	1,69,101	0
TERM	47	分類	1,88,135	0
TERM	48	感想文の分類	1,66,98	3
TERM	49	結果形態素レベル	1,73,108	0
TERM	50	差	1,80,121	0
TERM	51	文脈	1,86,131	0
TERM	52	結果	1,90,139	0
TERM	53	結果	1,148,230	0
TERM	54	成績	1,92,142	0
TERM	55	成績	1,107,162	0
TERM	56	成績	1,150,233	0
TERM	57	成績	1,164,253	0
TERM	58	学生	1,95,146	0
TERM	59	学生	1,110,166	0
TERM	60	学生	1,130,198	0
TERM	61	学生	1,133,205	0
TERM	62	学生	1,153,237	0
TERM	63	学生	1,167,257	0
TERM	64	さらに成績	1,126,188	0
TERM	65	比較	1,146,226	0
TERM	66	感想文の比較	1,143,223	0
TERM	67	授業内容	1,155,240	0
TERM	68	授業内容	1,204,318	0
TERM	69	再構成	1,158,244	0
TERM	70	再構成	1,207,322	0
TERM	71	授業内容の再構成	1,155,240	0
TERM	72	授業内容の再構成	1,204,318	0
TERM	73	教師	1,169,260	0
TERM	74	改善	1,211,330	0
REL	19	6	2
REL	6	14	4
REL	14	25	3
REL	41	48	2
