TERM	0	意味	0,0,0	0
TERM	1	意味	1,95,152	0
TERM	2	意味	1,116,183	0
TERM	3	意味	1,274,424	0
TERM	4	親和性	0,2,3	0
TERM	5	統語構造	0,6,8	0
TERM	6	統語構造	1,277,431	0
TERM	7	出力	0,9,12	0
TERM	8	統語構造の出力	0,6,8	0
TERM	9	日本語文パーザ	0,11,16	4
TERM	10	日本語文パーザ	1,215,349	4
TERM	11	英語	1,0,0	0
TERM	12	語順	1,3,6	0
TERM	13	省略	1,6,12	0
TERM	14	日本語	1,9,16	0
TERM	15	句構造解析	1,13,21	0
TERM	16	句構造解析	1,58,89	0
TERM	17	係り受け解析	1,23,35	0
TERM	18	一般的	1,27,42	0
TERM	19	係り受け	1,35,55	0
TERM	20	交差	1,38,60	0
TERM	21	入れ子破り	1,40,64	0
TERM	22	表現	1,45,73	0
TERM	23	表現	1,246,391	0
TERM	24	品詞性	1,50,79	0
TERM	25	品詞性	1,265,412	0
TERM	26	語	1,54,84	0
TERM	27	語	1,269,417	0
TERM	28	木構造	1,63,97	0
TERM	29	現在主流	1,73,114	0
TERM	30	文節構文論	1,78,124	0
TERM	31	学校文法	1,82,130	0
TERM	32	構文解析	1,87,139	0
TERM	33	構文解析	1,107,169	0
TERM	34	構文解析結果	1,91,145	0
TERM	35	整合性	1,97,155	0
TERM	36	時枝文法風	1,103,164	0
TERM	37	時枝文法風の構文解析	1,103,164	0
TERM	38	方	1,110,173	0
TERM	39	解析結果	1,112,175	0
TERM	40	説明	1,119,189	0
TERM	41	こと	1,121,194	0
TERM	42	こと	1,282,440	0
TERM	43	指摘	1,123,197	0
TERM	44	本論文	1,128,205	0
TERM	45	時枝	1,133,211	0
TERM	46	提唱	1,136,217	0
TERM	47	言語過程説	1,139,222	0
TERM	48	発展	1,143,227	0
TERM	49	言語過程説の発展	1,139,222	0
TERM	50	継承	1,145,231	0
TERM	51	三浦	1,147,235	0
TERM	52	三浦	1,157,252	0
TERM	53	言語モデル	1,149,237	0
TERM	54	関係意味論	1,152,243	0
TERM	55	入れ子構造	1,159,254	0
TERM	56	日本語文法体系	1,168,268	0
TERM	57	三浦文法	1,173,276	0
TERM	58	文法記述	1,178,284	3
TERM	59	文法規則適用条件	1,181,289	0
TERM	60	制御	1,186,297	0
TERM	61	文法規則適用条件の制御	1,181,289	3
TERM	62	上記	1,189,303	0
TERM	63	日本語構文解析上	1,192,309	0
TERM	64	問題	1,198,317	0
TERM	65	解決	1,200,319	0
TERM	66	問題の解決	1,198,317	4
TERM	67	方法	1,202,323	0
TERM	68	提案	1,204,325	0
TERM	69	方法の提案	1,202,323	0
TERM	70	考え	1,210,339	0
TERM	71	試作	1,213,345	0
TERM	72	一対多・多対一	1,222,361	0
TERM	73	係り受け関係	1,230,368	0
TERM	74	一対多・多対一の係り受け関係	1,222,361	0
TERM	75	文中	1,234,375	0
TERM	76	局所的	1,236,377	0
TERM	77	子構造	1,239,382	0
TERM	78	子破り	1,243,388	0
TERM	79	子破りの表現	1,243,388	0
TERM	80	主題	1,248,394	0
TERM	81	対照	1,254,400	0
TERM	82	扱い	1,260,406	0
TERM	83	扱い	1,271,418	0
REL	66	10	3
REL	61	66	3
REl	58	66	3
