TERM	0	日英特許コーパス	0,0,0	1
TERM	1	日英特許コーパス	1,5,6	1
TERM	2	専門用語対訳辞書	0,6,11	0
TERM	3	自動獲得	0,11,19	0
TERM	4	専門用語対訳辞書の自動獲得	0,6,11	4
TERM	5	本論文	1,0,0	0
TERM	6	本論文	1,247,395	0
TERM	7	専門用語	1,11,17	0
TERM	8	専門用語	1,57,86	2
TERM	9	専門用語	1,147,252	0
TERM	10	対訳辞書	1,14,21	0
TERM	11	作成	1,17,25	0
TERM	12	対訳辞書の作成	1,14,21	4
TERM	13	方法	1,19,29	0
TERM	14	提案手法	1,24,39	0
TERM	15	言語単位	1,28,45	0
TERM	16	分野	1,36,57	0
TERM	17	出現	1,39,62	0
TERM	18	偏り	1,41,64	0
TERM	19	数値化	1,43,66	0
TERM	20	こと	1,46,71	0
TERM	21	こと	1,243,388	0
TERM	22	コーパス中	1,49,75	1
TERM	23	単語	1,52,80	0
TERM	24	列	1,54,83	0
TERM	25	抽出	1,61,93	0
TERM	26	和英辞書	1,64,97	0
TERM	27	対訳用語セット	1,69,107	1
TERM	28	seedwordリスト	1,73,115	1
TERM	29	コーパス	1,79,132	0
TERM	30	コーパス	1,268,427	0
TERM	31	各専門用語	1,82,140	2
TERM	32	各専門用語	1,174,292	0
TERM	33	共起パターン	1,86,145	3
TERM	34	計測	1,89,151	0
TERM	35	共起パターンの計測	1,86,145	0
TERM	36	類似性	1,93,157	0
TERM	37	用語ペア	1,97,163	2
TERM	38	対訳	1,100,167	0
TERM	39	対訳	1,120,202	0
TERM	40	対訳	1,178,297	0
TERM	41	対応	1,103,172	0
TERM	42	対応	1,184,305	0
TERM	43	対応	1,211,342	0
TERM	44	時	1,107,180	0
TERM	45	対象	1,109,182	0
TERM	46	コーパス間	1,112,187	0
TERM	47	文脈	1,115,193	0
TERM	48	類似	1,117,196	0
TERM	49	seedword	1,123,207	0
TERM	50	利用	1,125,216	0
TERM	51	点	1,127,220	0
TERM	52	特徴	1,129,222	0
TERM	53	本手法	1,132,228	0
TERM	54	日本語特許抄録	1,135,231	0
TERM	55	本手法の日本語特許抄録	1,132,228	0
TERM	56	英訳	1,141,241	0
TERM	57	適用	1,143,244	0
TERM	58	ところ	1,145,248	0
TERM	59	抽出精度	1,150,256	0
TERM	60	日本語	1,153,261	0
TERM	61	90%	1,156,265	0
TERM	62	90%	1,227,365	0
TERM	63	英語	1,159,269	0
TERM	64	93%	1,161,272	0
TERM	65	訳語対応付け	1,168,283	0
TERM	66	対訳候補	1,187,312	0
TERM	67	対訳候補	1,214,349	0
TERM	68	正解率	1,190,316	0
TERM	69	正解率	1,217,353	0
TERM	70	53%	1,193,320	0
TERM	71	日英	1,196,324	0
TERM	72	日英	1,223,361	0
TERM	73	66%	1,200,328	0
TERM	74	英日	1,203,332	0
TERM	75	英日	1,230,369	0
TERM	76	83%	1,220,357	0
TERM	77	従来研究	1,235,374	0
TERM	78	精度	1,240,384	0
TERM	79	PAJ	1,253,404	0
TERM	80	日本語抄録	1,255,407	0
TERM	81	PAJの日本語抄録	1,253,404	0
TERM	82	米国特許抄録	1,259,413	0
TERM	83	実験	1,264,422	0
TERM	84	違い	1,270,431	0
TERM	85	違い	1,276,440	0
TERM	86	実験結果	1,273,436	0
TERM	87	考察	1,280,447	0
REL	22	8	1
REL	31	33	2
REL	8	31	5
REL	33	37	3
REL	27	33	2
REL	28	33	2
