TERM	0	整合性尺度	0,0,0	3
TERM	1	構造的アラインメント	0,5,8	4
TERM	2	本論文	1,0,0	0
TERM	3	対訳文アラインメント	1,4,5	3
TERM	4	全体	1,8,15	0
TERM	5	整合性	1,10,19	0
TERM	6	評価	1,13,22	0
TERM	7	整合性の評価	1,10,19	0
TERM	8	基準	1,16,29	0
TERM	9	提案	1,18,31	0
TERM	10	基準の提案	1,16,29	0
TERM	11	手法	1,22,38	0
TERM	12	係り受けタイプ	1,24,41	3
TERM	13	木構造上	1,29,51	0
TERM	14	距離	1,34,57	1
TERM	15	距離スコア関数	1,37,61	3
TERM	16	統計	1,42,71	0
TERM	17	素性	1,44,75	0
TERM	18	また依存構造木	1,49,85	3
TERM	19	元	1,54,92	0
TERM	20	アラインメント手法	1,57,96	3
TERM	21	ため	1,60,108	0
TERM	22	両言語間	1,62,111	0
TERM	23	言語構造	1,66,115	0
TERM	24	言語構造	1,120,221	0
TERM	25	違い	1,69,119	0
TERM	26	吸収	1,72,124	0
TERM	27	こと	1,74,128	0
TERM	28	こと	1,96,169	0
TERM	29	こと	1,132,239	0
TERM	30	さらに本手法	1,78,137	0
TERM	31	複数	1,84,147	0
TERM	32	対応候補	1,86,153	0
TERM	33	中	1,89,157	0
TERM	34	もの	1,92,163	0
TERM	35	選択	1,94,165	0
TERM	36	ものの選択	1,92,163	0
TERM	37	日英新聞記事コーパス	1,100,178	0
TERM	38	アラインメント実験	1,107,190	0
TERM	39	本手法	1,112,203	0
TERM	40	アラインメント精度	1,116,209	0
TERM	41	言語対	1,124,227	0
TERM	42	精度	1,128,232	0
TERM	43	遜色	1,130,235	0
REL	0	1	3
REL	12	14	1
REL	14	3	2
REL	15	3	2
REL	18	20	4
REL	3	20	5
