TERM	0	Web	0,0,0	1
TERM	1	Web	1,48,78	0
TERM	2	Web	1,66,110	0
TERM	3	Web	1,161,277	1
TERM	4	未知語検索キーワード	0,3,6	1
TERM	5	シソーラスノード	0,8,16	0
TERM	6	割付け手法	0,11,26	4
TERM	7	日常	1,0,0	0
TERM	8	会話	1,2,4	0
TERM	9	会話	1,40,66	0
TERM	10	中	1,4,6	0
TERM	11	新語	1,8,10	0
TERM	12	固有名詞	1,10,13	0
TERM	13	固有名詞	1,183,308	0
TERM	14	シソーラス	1,13,19	0
TERM	15	シソーラス	1,91,158	0
TERM	16	定義	1,15,25	0
TERM	17	単語	1,20,33	0
TERM	18	未知語	1,22,36	0
TERM	19	未知語	1,30,47	0
TERM	20	未知語	1,55,89	0
TERM	21	未知語	1,86,148	0
TERM	22	未知語	1,101,177	0
TERM	23	未知語	1,130,227	0
TERM	24	未知語	1,165,284	0
TERM	25	未知語	1,187,315	1
TERM	26	使用	1,26,41	0
TERM	27	知識	1,35,55	0
TERM	28	こと	1,43,70	0
TERM	29	こと	1,52,85	0
TERM	30	こと	1,60,99	0
TERM	31	こと	1,82,139	0
TERM	32	こと	1,97,170	0
TERM	33	こと	1,108,186	0
TERM	34	こと	1,171,292	0
TERM	35	利用	1,50,81	0
TERM	36	Webの利用	1,48,78	0
TERM	37	情報	1,70,118	0
TERM	38	情報	1,77,131	0
TERM	39	存在	1,72,121	0
TERM	40	存在	1,133,231	0
TERM	41	ため	1,74,125	0
TERM	42	効率	1,79,133	0
TERM	43	ノード	1,93,163	0
TERM	44	ノード	1,194,327	0
TERM	45	提示	1,95,166	0
TERM	46	ノードの提示	1,93,163	0
TERM	47	意味	1,104,180	0
TERM	48	未知語の意味	1,101,177	0
TERM	49	獲得	1,106,182	0
TERM	50	意味の獲得	1,104,180	0
TERM	51	未知語理解	1,112,193	0
TERM	52	コーパス	1,116,199	0
TERM	53	言語データ	1,118,205	0
TERM	54	依存	1,121,211	0
TERM	55	研究	1,123,215	0
TERM	56	対応	1,127,221	0
TERM	57	問題点	1,137,238	0
TERM	58	本論文	1,142,245	0
TERM	59	連想メカニズム	1,147,251	0
TERM	60	構成	1,150,258	0
TERM	61	連想メカニズムの構成	1,147,251	0
TERM	62	概念ベース	1,152,262	3
TERM	63	関連度計算	1,155,268	3
TERM	64	概念化	1,168,287	3
TERM	65	各ノード	1,173,295	0
TERM	66	関連性	1,177,301	0
TERM	67	評価	1,180,304	0
TERM	68	関連性の評価	1,177,301	3
TERM	69	シソーラス上	1,190,318	0
TERM	70	分類	1,196,331	4
TERM	71	手法	1,198,335	0
TERM	72	提案	1,200,337	0
TERM	73	手法の提案	1,198,335	0
REL	1	6	3
REL	4	6	3
REL	62	64	4
REL	63	64	4
REL	3	64	2
REL	64	68	4
REL	68	70	3
REL	25	70	3
