TERM	0	整合性	0,0,0	3
TERM	1	整合性	1,55,88	0
TERM	2	整合性	1,114,181	0
TERM	3	整合性	1,162,246	0
TERM	4	考慮	0,3,3	0
TERM	5	考慮	1,165,249	0
TERM	6	整合性の考慮	0,0,0	0
TERM	7	整合性の考慮	1,162,246	0
TERM	8	物語要約システム	0,5,7	0
TERM	9	構築	0,9,15	0
TERM	10	物語要約システムの構築	0,5,7	4
TERM	11	物語	1,0,0	0
TERM	12	物語	1,145,220	0
TERM	13	複数	1,2,3	0
TERM	14	話題	1,4,5	0
TERM	15	話題	1,21,33	0
TERM	16	話題	1,59,94	0
TERM	17	話題	1,104,167	0
TERM	18	構成	1,6,8	0
TERM	19	文書	1,9,13	0
TERM	20	内容	1,12,19	0
TERM	21	内容	1,185,280	0
TERM	22	理解	1,14,21	0
TERM	23	理解	1,187,282	0
TERM	24	内容の理解	1,12,19	0
TERM	25	内容の理解	1,185,280	0
TERM	26	展開	1,18,27	0
TERM	27	把握	1,24,38	0
TERM	28	ため	1,31,51	0
TERM	29	ため	1,118,186	0
TERM	30	原文書	1,33,54	0
TERM	31	代わり	1,36,57	0
TERM	32	要約	1,40,66	0
TERM	33	要約	1,99,158	0
TERM	34	特に整合性	1,42,69	0
TERM	35	重視	1,46,74	0
TERM	36	特に整合性の重視	1,42,69	0
TERM	37	本稿	1,52,84	0
TERM	38	繋がり	1,61,96	0
TERM	39	着目	1,63,100	0
TERM	40	着目	1,82,129	0
TERM	41	着目	1,93,147	0
TERM	42	物語要約手法	1,65,104	0
TERM	43	提案	1,69,110	0
TERM	44	物語要約手法の提案	1,65,104	0
TERM	45	提案手法	1,72,115	0
TERM	46	提案手法	1,134,205	0
TERM	47	提案手法	1,180,274	0
TERM	48	まず物語	1,77,122	1
TERM	49	主題	1,80,126	0
TERM	50	話題単位	1,84,133	2
TERM	51	分割	1,87,138	0
TERM	52	登場人物	1,90,142	2
TERM	53	重要度	1,95,151	2
TERM	54	抽出	1,102,163	0
TERM	55	決定	1,106,169	0
TERM	56	話題の決定	1,104,167	3
TERM	57	その後	1,109,174	0
TERM	58	話題間	1,111,178	0
TERM	59	話題間	1,121,190	0
TERM	60	状況	1,124,193	0
TERM	61	変化	1,126,195	0
TERM	62	状況の変化	1,124,193	0
TERM	63	文	1,129,199	0
TERM	64	補完	1,131,200	0
TERM	65	文の補完	1,129,199	3
TERM	66	有効性	1,137,209	0
TERM	67	確認	1,140,212	0
TERM	68	有効性の確認	1,137,209	0
TERM	69	ため実際	1,142,216	0
TERM	70	ため実際の物語	1,142,216	0
TERM	71	対象	1,147,222	0
TERM	72	被験者	1,150,227	0
TERM	73	主観的評価	1,152,230	0
TERM	74	被験者の主観的評価	1,150,227	0
TERM	75	比較実験	1,157,238	0
TERM	76	tf.i	1,168,254	0
TERM	77	重要文抽出	1,174,264	0
TERM	78	方	1,183,278	0
TERM	79	結果	1,191,291	0
TERM	80	こと	1,194,295	0
REL	0	10	3
REL	48	50	1
REL	48	52	1
REL	50	56	2
REL	52	56	2
REL	56	65	4
