TERM	0	名詞句	0,0,0	0
TERM	1	語彙統語パターン	0,3,3	3
TERM	2	語彙統語パターン	1,205,308	3
TERM	3	事態性名詞	0,8,14	1
TERM	4	事態性名詞	1,154,229	1
TERM	5	項構造解析	0,12,19	4
TERM	6	項構造解析	1,80,122	0
TERM	7	事態性名詞の項構造解析	0,8,14	0
TERM	8	形態素解析	1,0,0	0
TERM	9	構文解析	1,4,6	0
TERM	10	自然言語処理	1,7,12	0
TERM	11	要素技術	1,11,18	0
TERM	12	成熟	1,14,23	0
TERM	13	意味解析・談話解析	1,19,31	0
TERM	14	より高次	1,27,45	0
TERM	15	言語処理	1,30,50	0
TERM	16	研究	1,33,54	0
TERM	17	言語処理の研究	1,30,50	0
TERM	18	特に文	1,39,66	0
TERM	19	意味理解	1,42,69	0
TERM	20	特に文の意味理解	1,39,66	0
TERM	21	ため	1,45,73	0
TERM	22	ため	1,172,254	0
TERM	23	誰	1,49,78	0
TERM	24	誰	1,57,85	0
TERM	25	何	1,53,82	0
TERM	26	要素	1,62,92	0
TERM	27	項	1,64,95	0
TERM	28	項	1,219,331	0
TERM	29	同定	1,67,98	0
TERM	30	こと	1,69,102	0
TERM	31	こと	1,84,127	0
TERM	32	こと	1,112,166	0
TERM	33	動詞	1,73,111	0
TERM	34	動詞	1,101,150	0
TERM	35	形容詞	1,75,114	0
TERM	36	形容詞	1,103,153	0
TERM	37	対象	1,77,117	0
TERM	38	対象	1,128,188	0
TERM	39	述語項構造解析	1,86,129	0
TERM	40	ことの述語項構造解析	1,84,127	0
TERM	41	文中	1,94,141	0
TERM	42	事態	1,96,143	0
TERM	43	事態	1,159,236	0
TERM	44	表現	1,99,147	0
TERM	45	他	1,105,156	0
TERM	46	名詞	1,108,159	0
TERM	47	名詞	1,126,186	0
TERM	48	名詞	1,169,249	0
TERM	49	存在	1,110,162	0
TERM	50	我々	1,121,180	0
TERM	51	日本語	1,123,183	0
TERM	52	日本語	1,151,226	0
TERM	53	項構造解析タスク	1,131,193	4
TERM	54	機械学習	1,139,206	3
TERM	55	自動	1,143,213	0
TERM	56	解析手法	1,145,217	0
TERM	57	提案	1,148,221	0
TERM	58	提案	1,228,343	0
TERM	59	解析手法の提案	1,145,217	0
TERM	60	否	1,163,241	0
TERM	61	まず事態性	1,174,257	0
TERM	62	有無	1,178,262	0
TERM	63	判定	1,180,264	0
TERM	64	有無の判定	1,178,262	0
TERM	65	事態性判別タスク	1,182,268	1
TERM	66	項同定タスク	1,187,277	1
TERM	67	2つ	1,191,283	0
TERM	68	分解	1,194,286	0
TERM	69	それぞれ大規模	1,197,290	0
TERM	70	コーパス	1,201,298	1
TERM	71	抽出	1,203,304	0
TERM	72	手法	1,210,319	0
TERM	73	手法	1,226,341	0
TERM	74	述語・事態性名詞間	1,212,322	0
TERM	75	共有現象	1,221,332	3
TERM	76	着目	1,224,337	0
TERM	77	手法の提案	1,226,341	0
REL	3	1	2
REL	1	5	3
REL	54	53	3
REL	53	5	5
REL	4	65	1
REL	4	66	1
REL	70	2	1
REL	2	53	3
REL	75	53	3
