TERM	0	自動獲得	0,0,0	0
TERM	1	自動獲得	1,42,66	0
TERM	2	未知語	0,3,6	0
TERM	3	未知語	1,0,0	0
TERM	4	未知語	1,31,49	0
TERM	5	未知語	1,68,109	0
TERM	6	未知語	1,155,257	0
TERM	7	読み・文脈情報	0,6,9	0
TERM	8	読み・文脈情報	1,34,52	1
TERM	9	読み・文脈情報	1,158,260	0
TERM	10	仮名漢字変換	0,12,19	0
TERM	11	仮名漢字変換	1,6,7	0
TERM	12	仮名漢字変換	1,46,72	0
TERM	13	仮名漢字変換	1,129,211	4
TERM	14	仮名漢字変換	1,163,267	0
TERM	15	問題	1,3,3	0
TERM	16	課題	1,12,20	0
TERM	17	1つ	1,14,22	0
TERM	18	本論文	1,18,28	0
TERM	19	内容	1,23,34	0
TERM	20	内容	1,103,165	0
TERM	21	類似	1,25,36	0
TERM	22	類似	1,101,161	0
TERM	23	内容の類似	1,23,34	0
TERM	24	テキスト	1,27,40	0
TERM	25	テキスト	1,76,119	1
TERM	26	テキスト	1,99,156	0
TERM	27	音声	1,29,45	0
TERM	28	音声	1,105,167	0
TERM	29	コーパス	1,39,59	1
TERM	30	精度向上	1,50,78	0
TERM	31	仮名漢字変換の精度向上	1,46,72	4
TERM	32	利用	1,53,83	0
TERM	33	手法	1,55,87	0
TERM	34	提案	1,57,89	0
TERM	35	手法の提案	1,55,87	0
TERM	36	確率	1,62,97	0
TERM	37	単語分割	1,64,101	3
TERM	38	候補	1,71,112	0
TERM	39	単語	1,74,117	1
TERM	40	抽出	1,78,125	0
TERM	41	各未知語候補	1,84,133	0
TERM	42	読み	1,89,139	0
TERM	43	読み	1,114,183	0
TERM	44	複数推定	1,91,141	0
TERM	45	読みの複数推定	1,89,139	3
TERM	46	列挙	1,94,147	0
TERM	47	その後	1,97,152	0
TERM	48	認識	1,107,169	0
TERM	49	音声の認識	1,105,167	3
TERM	50	こと	1,110,174	0
TERM	51	こと	1,174,287	0
TERM	52	こと	1,181,298	0
TERM	53	選択	1,116,185	0
TERM	54	読みの選択	1,114,183	3
TERM	55	音声認識結果	1,121,194	1
TERM	56	学習コーパス	1,125,200	1
TERM	57	学習コーパス	1,169,275	0
TERM	58	モデル	1,133,217	0
TERM	59	構築	1,135,220	0
TERM	60	モデルの構築	1,133,217	0
TERM	61	自動収集	1,138,225	0
TERM	62	ニュース記事	1,142,232	0
TERM	63	ニュース音声	1,145,239	0
TERM	64	実験	1,149,248	0
TERM	65	獲得	1,153,253	0
TERM	66	読み・文脈情報の仮名漢字変換	1,158,260	0
TERM	67	ため	1,167,273	0
TERM	68	精度	1,177,291	0
TERM	69	向上	1,179,294	0
TERM	70	確認	1,183,300	0
TERM	71	ことの確認	1,181,298	0
REL	8	29	1
REL	29	31	3
REL	25	37	2
REL	37	39	1
REL	39	45	2
REL	45	54	4
REL	49	54	4
REL	55	56	1
REL	56	13	3
