TERM	0	依存関係確率モデル	0,0,0	3
TERM	1	統計的句アライメント	0,6,12	4
TERM	2	語順	1,0,0	0
TERM	3	言語構造	1,2,3	0
TERM	4	言語対間	1,7,13	0
TERM	5	対訳文	1,11,17	0
TERM	6	アライメント	1,14,20	0
TERM	7	アライメント	1,175,303	0
TERM	8	際	1,16,28	0
TERM	9	こと	1,20,35	0
TERM	10	こと	1,30,49	0
TERM	11	こと	1,45,71	0
TERM	12	こと	1,92,155	0
TERM	13	こと	1,104,175	0
TERM	14	こと	1,152,260	0
TERM	15	こと	1,188,326	0
TERM	16	言語	1,23,39	0
TERM	17	構造情報	1,25,41	0
TERM	18	利用	1,28,45	0
TERM	19	構造情報の利用	1,25,41	0
TERM	20	一対多	1,33,53	0
TERM	21	多対多	1,37,60	0
TERM	22	対応	1,41,63	0
TERM	23	多対多の対応	1,37,60	0
TERM	24	生成	1,43,66	0
TERM	25	本論文	1,48,77	0
TERM	26	両言語文	1,52,82	1
TERM	27	依存構造木上	1,56,86	0
TERM	28	単語	1,61,94	2
TERM	29	句	1,63,97	2
TERM	30	句	1,141,244	0
TERM	31	依存関係	1,65,98	2
TERM	32	句の依存関係	1,63,97	0
TERM	33	モデル化	1,68,102	3
TERM	34	句アライメント手法	1,72,111	0
TERM	35	提案	1,76,120	0
TERM	36	句アライメント手法の提案	1,72,111	4
TERM	37	依存関係モデル	1,79,125	3
TERM	38	木構造上	1,83,133	0
TERM	39	reorderingモデル	1,88,139	3
TERM	40	非局所	1,96,161	0
TERM	41	語順変化	1,99,166	0
TERM	42	文	1,110,185	0
TERM	43	単語列	1,112,186	0
TERM	44	既存	1,117,194	0
TERM	45	既存	1,161,278	0
TERM	46	単語アライメント手法	1,119,196	0
TERM	47	単語アライメント手法	1,163,280	0
TERM	48	利点	1,125,210	0
TERM	49	また提案モデル	1,128,216	0
TERM	50	ヒューリスティック	1,132,224	0
TERM	51	ルール	1,134,234	0
TERM	52	一切	1,136,237	0
TERM	53	単位	1,145,250	0
TERM	54	推定	1,147,252	0
TERM	55	単位の推定	1,145,250	0
TERM	56	自動	1,149,254	0
TERM	57	アライメント実験	1,156,267	0
TERM	58	比較	1,167,291	0
TERM	59	提案手法	1,170,296	0
TERM	60	精度	1,177,309	0
TERM	61	値	1,180,312	0
TERM	62	8.5ポイント向上	1,182,314	0
REL	0	1	3
REL	26	28	1
REL	26	29	1
REL	28	31	1	
REL	29	31	1
REL	31	33	2
REL	33	36	3
REL	33	37	5
REL	37	39	5
