TERM	0	トピック情報	0,0,0	0
TERM	1	トピック情報	1,16,26	1
TERM	2	トピック情報	1,50,87	1
TERM	3	ブートストラップ法	0,4,9	0
TERM	4	ブートストラップ法	1,4,5	3
TERM	5	ブートストラップ法	1,67,119	3
TERM	6	語彙獲得	0,9,22	0
TERM	7	語彙獲得	1,9,17	4
TERM	8	本論文	1,0,0	0
TERM	9	際	1,13,23	0
TERM	10	こと	1,20,35	0
TERM	11	こと	1,33,62	0
TERM	12	こと	1,128,213	0
TERM	13	こと	1,149,252	0
TERM	14	セマンティックドリフト	1,22,38	0
TERM	15	セマンティックドリフト	1,130,216	0
TERM	16	緩和	1,25,49	0
TERM	17	セマンティックドリフトの緩和	1,22,38	0
TERM	18	獲得精度	1,28,53	0
TERM	19	獲得精度	1,138,233	0
TERM	20	向上	1,31,57	0
TERM	21	獲得精度の向上	1,28,53	0
TERM	22	獲得対象	1,37,67	0
TERM	23	語	1,41,74	0
TERM	24	文書	1,44,77	0
TERM	25	大域的情報	1,46,79	0
TERM	26	統計的トピックモデル	1,54,94	3
TERM	27	推定	1,60,107	0
TERM	28	識別モデル	1,63,111	3
TERM	29	識別モデル	1,84,147	0
TERM	30	過程	1,75,135	0
TERM	31	利用	1,77,138	0
TERM	32	素性	1,88,156	0
TERM	33	負例生成	1,96,166	0
TERM	34	選択基準	1,100,170	0
TERM	35	学習データ	1,109,182	0
TERM	36	多義性解消	1,112,187	0
TERM	37	学習データの多義性解消	1,109,182	0
TERM	38	ため	1,116,192	0
TERM	39	実験	1,120,199	0
TERM	40	提案手法	1,124,206	0
TERM	41	軽減	1,133,227	0
TERM	42	セマンティックドリフトの軽減	1,130,216	0
TERM	43	語彙	1,136,231	0
TERM	44	6.7	1,141,238	0
TERM	45	28.7%向上	1,144,243	0
REL	4	7	3
REL	1	4	2
REL	26	1	1
REL	28	5	4
