TERM	0	マイクロブログ	0,0,0	1
TERM	1	マイクロブログ	1,7,14	0
TERM	2	感情・コミュニケーション・動作タイプ	0,4,11	0
TERM	3	推定	0,11,29	0
TERM	4	推定	1,188,348	0
TERM	5	感情・コミュニケーション・動作タイプの推定	0,4,11	3
TERM	6	顔文字	0,14,35	0
TERM	7	顔文字	1,14,30	0
TERM	8	顔文字	1,24,46	0
TERM	9	顔文字	1,59,118	0
TERM	10	顔文字	1,101,191	0
TERM	11	顔文字	1,150,286	0
TERM	12	顔文字	1,184,341	0
TERM	13	推薦	0,17,38	0
TERM	14	推薦	1,104,194	0
TERM	15	推薦	1,148,282	0
TERM	16	推薦	1,198,368	0
TERM	17	顔文字の推薦	0,14,35	4
TERM	18	顔文字の推薦	1,101,191	4
TERM	19	現在	1,0,0	0
TERM	20	電子メール	1,2,3	0
TERM	21	チャット	1,5,9	0
TERM	22	メディア	1,11,24	0
TERM	23	日常	1,17,34	0
TERM	24	使用	1,19,38	0
TERM	25	言語コミュニケーション	1,28,51	0
TERM	26	表現	1,31,63	0
TERM	27	ユーザ	1,35,70	0
TERM	28	ユーザ	1,72,136	0
TERM	29	ユーザ	1,83,152	0
TERM	30	ユーザ	1,153,290	0
TERM	31	感情	1,37,73	0
TERM	32	感情	1,90,168	0
TERM	33	感情	1,111,205	0
TERM	34	コミュニケーション	1,39,76	0
TERM	35	コミュニケーション	1,92,171	0
TERM	36	コミュニケーション	1,113,208	0
TERM	37	意図	1,41,85	0
TERM	38	意図	1,155,293	0
TERM	39	コミュニケーションの意図	1,39,76	0
TERM	40	の	1,44,89	0
TERM	41	種類	1,52,103	0
TERM	42	場面	1,56,112	0
TERM	43	こと	1,63,123	0
TERM	44	こと	1,218,401	0
TERM	45	本研究	1,67,130	0
TERM	46	顔文字選択支援	1,74,139	0
TERM	47	ユーザの顔文字選択支援	1,72,136	0
TERM	48	目的	1,79,146	0
TERM	49	入力	1,85,156	0
TERM	50	テキスト	1,87,160	1
TERM	51	動作	1,94,181	0
TERM	52	動作	1,115,218	0
TERM	53	タイプ推定	1,96,183	0
TERM	54	動作のタイプ推定	1,94,181	3
TERM	55	方法	1,106,198	0
TERM	56	提案	1,108,200	0
TERM	57	方法の提案	1,106,198	0
TERM	58	タイプ	1,117,220	0
TERM	59	動作のタイプ	1,115,218	0
TERM	60	Twitter	1,120,225	1
TERM	61	収集	1,122,234	0
TERM	62	コーパス	1,124,238	2
TERM	63	カテゴリ	1,127,245	0
TERM	64	定義	1,129,249	0
TERM	65	カテゴリの定義	1,127,245	3
TERM	66	推定システム	1,132,253	3
TERM	67	-NN	1,137,262	3
TERM	68	実現	1,141,269	0
TERM	69	システム	1,146,277	0
TERM	70	ユーザの意図	1,153,290	0
TERM	71	程度適合	1,158,298	0
TERM	72	被験者	1,167,311	0
TERM	73	評価	1,170,317	0
TERM	74	結果	1,172,321	0
TERM	75	結果	1,201,373	0
TERM	76	つぶやき	1,177,328	0
TERM	77	66.6%	1,180,336	0
TERM	78	感情カテゴリ	1,193,356	0
TERM	79	提案手法	1,205,380	0
TERM	80	顔文字推薦	1,208,384	0
TERM	81	提案手法の顔文字推薦	1,205,380	0
TERM	82	精度	1,212,389	0
TERM	83	向上	1,215,395	0
REL	0	5	2
REL	5	17	3
REL	50	54	2
REL	54	18	3
REL	60	62	1
REL	62	65	2
REL	67	66	4
REL	54	66	5
