TERM	0	大規模データ	0,0,0	0
TERM	1	俯瞰	0,4,6	0
TERM	2	俯瞰	1,56,104	0
TERM	3	ターゲットデータ	0,6,9	0
TERM	4	抽出	0,9,17	0
TERM	5	ターゲットデータの抽出	0,6,9	0
TERM	6	文書	0,12,23	0
TERM	7	単語行列	0,14,26	0
TERM	8	特異値分解	0,17,30	0
TERM	9	特異値分解	1,122,223	3
TERM	10	単語行列の特異値分解	0,14,26	0
TERM	11	特異値	0,21,36	0
TERM	12	特異値	1,143,261	0
TERM	13	特異値	1,219,378	0
TERM	14	重みづけ	0,25,42	0
TERM	15	重みづけ	1,152,270	0
TERM	16	重みづけ	1,223,384	0
TERM	17	有効性	0,29,46	0
TERM	18	有効性	1,227,388	0
TERM	19	東日本大震災ビッグデータワークショップ	1,0,0	0
TERM	20	提供	1,9,23	0
TERM	21	震災当日	1,13,29	0
TERM	22	ツイート	1,21,41	0
TERM	23	ツイート	1,47,83	1
TERM	24	ツイート	1,73,133	0
TERM	25	うち	1,23,45	0
TERM	26	震災対応	1,25,48	0
TERM	27	初動期間	1,28,52	0
TERM	28	震災後72時間	1,32,60	0
TERM	29	ツイッター	1,42,73	0
TERM	30	解析	1,44,78	0
TERM	31	ツイッターの解析	1,42,73	0
TERM	32	クラスタリング	1,49,87	3
TERM	33	クラスタリング	1,100,179	0
TERM	34	クラスタリング	1,126,228	3
TERM	35	クラスタリング	1,207,354	0
TERM	36	全体	1,54,102	0
TERM	37	目的	1,60,111	0
TERM	38	分類項目	1,63,117	0
TERM	39	分類項目	1,91,163	0
TERM	40	設定	1,66,121	0
TERM	41	設定	1,94,167	0
TERM	42	分類項目の設定	1,63,117	3
TERM	43	分類項目の設定	1,91,163	0
TERM	44	項目	1,70,127	0
TERM	45	抽出器	1,76,141	0
TERM	46	作成	1,79,144	0
TERM	47	抽出器の作成	1,76,141	4
TERM	48	作業	1,83,152	0
TERM	49	作業	1,176,310	0
TERM	50	ため	1,87,158	0
TERM	51	ため	1,96,171	0
TERM	52	ため	1,182,317	0
TERM	53	性能向上	1,102,186	0
TERM	54	クラスタリングの性能向上	1,100,179	0
TERM	55	要素	1,106,194	0
TERM	56	本研究	1,111,203	0
TERM	57	古典	1,116,209	0
TERM	58	類義語処理手法	1,118,213	0
TERM	59	適用	1,128,236	0
TERM	60	際	1,130,240	0
TERM	61	次元圧縮	1,137,251	3
TERM	62	大きさ	1,146,264	1
TERM	63	大きさ	1,156,274	0
TERM	64	特徴量	1,149,267	0
TERM	65	活用	1,160,280	0
TERM	66	手法	1,162,284	0
TERM	67	提案	1,164,286	0
TERM	68	提案	1,187,324	0
TERM	69	提案	1,230,392	0
TERM	70	手法の提案	1,162,284	0
TERM	71	クラスタリング結果	1,169,294	0
TERM	72	人手	1,172,303	0
TERM	73	人手	1,190,328	0
TERM	74	修正	1,174,306	0
TERM	75	容易度	1,178,312	0
TERM	76	指標	1,185,322	0
TERM	77	指標の提案	1,185,322	0
TERM	78	実作業	1,193,333	0
TERM	79	効率	1,196,336	0
TERM	80	比較	1,198,339	0
TERM	81	実験	1,200,343	0
TERM	82	結果	1,205,351	0
TERM	83	作業効率	1,213,369	0
TERM	84	観点	1,216,373	0
TERM	85	作業指標	1,232,396	0
TERM	86	妥当性	1,235,400	0
TERM	87	確認	1,238,404	0
TERM	88	分類問題	1,242,410	0
TERM	89	ターゲットデータ抽出	1,245,417	0
TERM	90	学習過程	1,251,433	0
TERM	91	そもそも重みづけ	1,254,438	0
TERM	92	機構	1,259,446	0
TERM	93	検出率	1,268,463	0
TERM	94	向上	1,271,466	0
TERM	95	検出率の向上	1,268,463	0
TERM	96	効果	1,275,472	0
REL	23	32	2
REL	9	34	4
REL	32	42	4
REL	42	47	3
REL	61	34	4
REL	62	34	2
