TERM	0	否定	0,0,0	0
TERM	1	否定	1,43,57	0
TERM	2	否定	1,67,93	0
TERM	3	否定	1,97,142	0
TERM	4	否定	1,110,162	0
TERM	5	否定	1,149,223	0
TERM	6	否定	1,167,252	0
TERM	7	否定	1,182,281	0
TERM	8	否定	1,195,305	0
TERM	9	否定	1,208,321	0
TERM	10	否定	1,226,355	0
TERM	11	否定	1,313,516	0
TERM	12	焦点情報アノテーション	0,2,2	0
TERM	13	誰	1,1,1	0
TERM	14	何	1,6,8	0
TERM	15	文	1,12,15	0
TERM	16	文	1,82,117	0
TERM	17	語	1,27,32	0
TERM	18	否定文	1,33,42	0
TERM	19	否定文	1,38,49	0
TERM	20	否定文	1,191,298	0
TERM	21	働き	1,45,59	0
TERM	22	範囲	1,48,64	0
TERM	23	スコープ	1,50,66	0
TERM	24	中	1,55,76	0
TERM	25	特に否定	1,57,78	0
TERM	26	部分	1,61,85	0
TERM	27	部分	1,108,159	0
TERM	28	部分	1,215,331	0
TERM	29	焦点	1,63,87	0
TERM	30	焦点	1,69,95	0
TERM	31	焦点	1,77,110	0
TERM	32	焦点	1,99,144	0
TERM	33	焦点	1,112,164	0
TERM	34	焦点	1,169,254	2
TERM	35	焦点	1,197,307	0
TERM	36	焦点	1,213,329	0
TERM	37	焦点	1,228,357	0
TERM	38	存在	1,71,98	0
TERM	39	存在	1,101,147	0
TERM	40	存在	1,307,506	0
TERM	41	場合	1,73,102	0
TERM	42	箇所	1,79,112	0
TERM	43	命題	1,84,118	0
TERM	44	成立	1,86,121	0
TERM	45	自然言語処理	1,91,131	0
TERM	46	自動	1,118,174	0
TERM	47	判定	1,120,178	0
TERM	48	処理	1,122,182	0
TERM	49	含意認識	1,125,186	0
TERM	50	情報抽出	1,128,191	0
TERM	51	応用処理	1,132,198	0
TERM	52	高度化	1,135,202	0
TERM	53	ため	1,138,205	0
TERM	54	ため	1,157,237	0
TERM	55	ため	1,201,313	0
TERM	56	ため	1,254,395	0
TERM	57	技術	1,141,211	0
TERM	58	本論文	1,144,217	0
TERM	59	本論文	1,299,494	0
TERM	60	焦点検出システム	1,151,225	0
TERM	61	構築	1,155,233	0
TERM	62	構築	1,180,277	0
TERM	63	構築	1,296,489	0
TERM	64	焦点検出システムの構築	1,151,225	0
TERM	65	基盤	1,159,239	0
TERM	66	日本語	1,163,245	0
TERM	67	テキスト	1,171,256	0
TERM	68	アノテーション	1,173,261	3
TERM	69	アノテーション	1,217,334	0
TERM	70	アノテーション	1,260,405	0
TERM	71	枠組み	1,175,270	0
TERM	72	提案	1,177,273	0
TERM	73	提案	1,205,317	0
TERM	74	提案	1,266,419	0
TERM	75	枠組みの提案	1,175,270	0
TERM	76	焦点コーパス	1,184,283	4
TERM	77	報告	1,188,293	0
TERM	78	報告	1,319,531	0
TERM	79	判断	1,199,309	0
TERM	80	判断	1,230,359	0
TERM	81	焦点の判断	1,197,307	0
TERM	82	焦点の判断	1,228,357	0
TERM	83	基準	1,203,315	0
TERM	84	基準の提案	1,203,315	0
TERM	85	形態素	1,210,323	0
TERM	86	情報	1,220,344	0
TERM	87	議論	1,223,350	0
TERM	88	詞	1,244,379	0
TERM	89	前後	1,246,381	0
TERM	90	文脈	1,248,383	0
TERM	91	手がかり	1,251,388	0
TERM	92	我々	1,263,415	0
TERM	93	アノテーション体系	1,268,423	0
TERM	94	楽天トラベル	1,273,438	0
TERM	95	レビューデータ	1,275,444	0
TERM	96	現代日本語書き言葉均衡コーパス	1,279,453	0
TERM	97	新聞	1,288,471	1
TERM	98	対象	1,290,473	0
TERM	99	アノテーションコーパス	1,293,478	0
TERM	100	アノテーションコーパスの構築	1,293,478	4
TERM	101	コーパス内	1,304,500	0
TERM	102	アノテーション結果	1,316,522	0
TERM	103	アノテーション結果の報告	1,316,522	0
REL	34	68	2
REL	68	76	3
