TERM	0	DeepBeliefNetwork	0,0,0	3
TERM	1	DeepBeliefNetwork	1,35,59	3
TERM	2	検索用語	0,3,20	0
TERM	3	検索用語	1,16,29	0
TERM	4	予測	0,6,24	0
TERM	5	予測	1,19,33	0
TERM	6	検索用語の予測	0,3,20	4
TERM	7	検索用語の予測	1,16,29	4
TERM	8	本稿	1,0,0	0
TERM	9	機械学習	1,2,3	3
TERM	10	機械学習	1,26,44	3
TERM	11	関連語・周辺語	1,6,10	1
TERM	12	説明文書	1,12,20	1
TERM	13	手法	1,21,37	0
TERM	14	提案	1,23,39	0
TERM	15	手法の提案	1,21,37	0
TERM	16	深層学習	1,30,50	0
TERM	17	一種	1,33,54	0
TERM	18	DBN	1,37,77	3
TERM	19	DBN	1,42,86	0
TERM	20	DBN	1,131,256	0
TERM	21	DBN	1,187,364	0
TERM	22	DBN	1,212,407	0
TERM	23	有効性	1,44,89	0
TERM	24	確認	1,47,92	0
TERM	25	有効性の確認	1,44,89	0
TERM	26	ため	1,49,96	0
TERM	27	用例	1,52,100	0
TERM	28	ベースライン手法	1,55,106	0
TERM	29	ベースライン手法	1,136,264	0
TERM	30	多層パーセプトロン	1,58,115	0
TERM	31	MLP	1,61,125	0
TERM	32	MLP	1,141,280	0
TERM	33	MLP	1,199,384	0
TERM	34	MLP	1,216,413	0
TERM	35	サポートベクトルマシン	1,64,130	0
TERM	36	SVM	1,68,142	0
TERM	37	SVM	1,143,284	0
TERM	38	比較	1,72,148	0
TERM	39	学習	1,76,154	0
TERM	40	学習	1,165,325	0
TERM	41	評価	1,78,157	0
TERM	42	データ	1,81,163	0
TERM	43	データ	1,159,313	0
TERM	44	手動	1,83,167	0
TERM	45	自動	1,85,170	0
TERM	46	2通り	1,87,172	0
TERM	47	方法	1,90,175	0
TERM	48	インターネット	1,92,178	0
TERM	49	収集	1,94,187	0
TERM	50	自動生成	1,99,196	0
TERM	51	疑似データ	1,102,202	0
TERM	52	疑似データ	1,161,317	0
TERM	53	各種機械学習	1,107,212	3
TERM	54	パラメータ	1,112,221	0
TERM	55	グリッドサーチ	1,114,227	3
TERM	56	交差検証	1,117,235	3
TERM	57	こと	1,121,241	0
TERM	58	こと	1,167,329	0
TERM	59	こと	1,209,402	0
TERM	60	こと	1,228,436	0
TERM	61	決定	1,124,246	0
TERM	62	実験	1,127,251	0
TERM	63	結果	1,129,253	0
TERM	64	予測精度	1,133,259	0
TERM	65	予測精度	1,170,334	0
TERM	66	予測精度	1,189,367	0
TERM	67	いずれ	1,145,287	0
TERM	68	手動収集データ	1,152,301	0
TERM	69	自動収集	1,156,309	0
TERM	70	向上	1,173,339	0
TERM	71	よりノイズ	1,178,348	0
TERM	72	学習データ	1,182,355	0
TERM	73	学習データ	1,222,424	0
TERM	74	さらに向上	1,192,372	0
TERM	75	の	1,195,379	0
TERM	76	精度向上	1,201,387	0
TERM	77	MLPの精度向上	1,199,384	0
TERM	78	ほう	1,214,410	0
TERM	79	ノイズ	1,219,419	0
TERM	80	有効利用	1,225,429	0
TERM	81	学習データの有効利用	1,222,424	0
REL	0	6	3
REL	9	7	3
REL	11	9	2
REL	12	9	2
REL	1	10	4
REL	18	10	4
REL	1	18	5
REL	55	53	4
REL	56	53	4
