TERM	0	機能	0,0,0	0
TERM	1	リテラル	0,2,4	0
TERM	2	リテラル	1,112,181	0
TERM	3	公理体系	0,5,10	0
TERM	4	仮説推論	0,9,18	0
TERM	5	仮説推論	1,0,0	0
TERM	6	仮説推論	1,18,35	0
TERM	7	仮説推論	1,54,91	0
TERM	8	仮説推論	1,88,145	0
TERM	9	仮説推論	1,141,228	0
TERM	10	仮説推論	1,180,290	4
TERM	11	仮説推論	1,266,421	0
TERM	12	効率化	0,12,22	0
TERM	13	観測	1,6,11	0
TERM	14	説明	1,10,20	0
TERM	15	推論	1,13,26	0
TERM	16	枠組み	1,15,28	0
TERM	17	人工知能	1,27,49	0
TERM	18	分野	1,30,53	0
TERM	19	長らく研究	1,32,56	0
TERM	20	近年	1,39,68	0
TERM	21	知識獲得技術	1,41,71	0
TERM	22	成熟	1,45,77	0
TERM	23	知識獲得技術の成熟	1,41,71	0
TERM	24	大規模知識	1,49,83	0
TERM	25	実世界	1,57,95	0
TERM	26	問題	1,60,98	0
TERM	27	問題	1,98,160	0
TERM	28	問題	1,256,404	0
TERM	29	適用	1,62,101	0
TERM	30	適用	1,144,232	0
TERM	31	適用	1,269,425	0
TERM	32	ため	1,64,105	0
TERM	33	土壌	1,66,107	0
TERM	34	一方	1,75,125	0
TERM	35	大規模	1,78,129	0
TERM	36	背景知識	1,81,133	0
TERM	37	際	1,85,140	0
TERM	38	際	1,273,431	0
TERM	39	計算負荷	1,91,149	0
TERM	40	仮説推論の計算負荷	1,88,145	0
TERM	41	増大	1,94,153	0
TERM	42	計算負荷の増大	1,91,149	0
TERM	43	特に言語	1,101,166	0
TERM	44	意味表示上	1,104,170	0
TERM	45	依存関係	1,108,175	0
TERM	46	意味表示上の依存関係	1,104,170	0
TERM	47	本論文	1,114,186	0
TERM	48	本論文	1,156,255	0
TERM	49	機能リテラル	1,118,191	0
TERM	50	機能リテラル	1,161,261	2
TERM	51	場合	1,126,206	0
TERM	52	探索空間	1,129,212	0
TERM	53	探索空間	1,168,273	0
TERM	54	爆発的増大	1,132,216	0
TERM	55	探索空間の爆発的増大	1,129,212	0
TERM	56	実問題	1,137,223	0
TERM	57	仮説推論の適用	1,141,228	0
TERM	58	仮説推論の適用	1,266,421	0
TERM	59	障害	1,148,241	0
TERM	60	性質	1,164,267	0
TERM	61	利用	1,166,269	0
TERM	62	性質の利用	1,164,267	0
TERM	63	枝刈り	1,171,277	3
TERM	64	枝刈り	1,225,359	0
TERM	65	こと	1,175,282	0
TERM	66	こと	1,209,333	0
TERM	67	こと	1,242,386	0
TERM	68	こと	1,313,493	0
TERM	69	効率	1,178,286	0
TERM	70	最適解	1,183,294	4
TERM	71	最適解	1,237,378	0
TERM	72	最適解	1,307,483	0
TERM	73	手法	1,187,299	0
TERM	74	提案	1,189,301	0
TERM	75	手法の提案	1,187,299	0
TERM	76	具体	1,192,306	0
TERM	77	意味	1,196,312	0
TERM	78	整合性	1,198,316	0
TERM	79	仮説	1,202,322	0
TERM	80	解空間	1,204,324	0
TERM	81	除外	1,207,329	0
TERM	82	推論全体	1,212,337	0
TERM	83	計算効率	1,215,341	0
TERM	84	計算効率	1,279,438	0
TERM	85	向上	1,218,345	0
TERM	86	計算効率の向上	1,215,341	0
TERM	87	条件	1,230,366	0
TERM	88	限り本来	1,234,374	0
TERM	89	評価実験	1,246,391	0
TERM	90	実在	1,251,398	0
TERM	91	言語処理	1,253,400	0
TERM	92	実在の言語処理	1,251,398	0
TERM	93	大規模背景知識	1,260,411	0
TERM	94	既存手法	1,275,432	0
TERM	95	比較	1,282,442	0
TERM	96	計算効率の比較	1,279,438	0
TERM	97	結果	1,287,450	0
TERM	98	提案手法	1,291,456	0
TERM	99	既存	1,294,461	0
TERM	100	システム	1,296,463	0
TERM	101	数百倍ほど効率	1,302,474	0
REL	50	63	2
REL	63	10	3
REL	63	70	3
