TERM	0	社会学	0,0,0	0
TERM	1	社会学	1,0,0	0
TERM	2	職業・産業コーディング自動化システム	0,4,7	0
TERM	3	活用	0,12,25	0
TERM	4	職業・産業コーディング自動化システムの活用	0,4,7	0
TERM	5	職業	1,5,6	0
TERM	6	産業	1,7,9	0
TERM	7	性別	1,9,12	0
TERM	8	年齢	1,11,15	0
TERM	9	変数	1,16,26	0
TERM	10	認識	1,20,33	0
TERM	11	ため	1,26,44	0
TERM	12	自由回答	1,29,48	0
TERM	13	収集	1,32,53	0
TERM	14	データ	1,34,57	0
TERM	15	研究者自身	1,36,60	0
TERM	16	コード	1,41,68	0
TERM	17	コード	1,219,387	0
TERM	18	変換	1,43,72	0
TERM	19	変換	1,221,391	0
TERM	20	こと	1,45,76	0
TERM	21	こと	1,229,410	0
TERM	22	職業・産業コーディングとよば	1,51,85	0
TERM	23	大規模調査	1,59,103	0
TERM	24	場合	1,63,108	0
TERM	25	労力	1,66,114	0
TERM	26	時間	1,68,117	0
TERM	27	上	1,71,123	0
TERM	28	結果	1,74,126	0
TERM	29	一貫性	1,77,132	0
TERM	30	問題	1,80,135	0
TERM	31	存在	1,82,138	0
TERM	32	ルールベース手法	1,88,147	3
TERM	33	機械学習	1,91,156	3
TERM	34	SVM	1,94,161	3
TERM	35	適用	1,97,166	0
TERM	36	コーディング自動化システム	1,99,170	4
TERM	37	開発	1,104,183	0
TERM	38	コーディング自動化システムの開発	1,99,170	4
TERM	39	本システム	1,107,188	4
TERM	40	本システム	1,166,277	0
TERM	41	国内・国際標準	1,111,195	0
TERM	42	職業・産業コード	1,117,202	0
TERM	43	第3位	1,122,210	0
TERM	44	予測	1,126,215	0
TERM	45	予測コード	1,133,223	0
TERM	46	自動コーディング後	1,138,231	0
TERM	47	人手	1,142,241	0
TERM	48	チェック	1,145,246	0
TERM	49	否	1,149,254	0
TERM	50	目安	1,152,257	0
TERM	51	3段階	1,155,262	0
TERM	52	確信度	1,158,265	3
TERM	53	付与	1,161,269	0
TERM	54	現在	1,164,274	0
TERM	55	東京大学社会科学研究所附属社会調査・データアーカイブ研究センター	1,170,284	0
TERM	56	CSRDA	1,184,317	0
TERM	57	Web	1,187,325	0
TERM	58	利用サービス	1,190,331	0
TERM	59	試行提供	1,193,338	0
TERM	60	研究目的	1,199,348	0
TERM	61	だれ	1,203,357	0
TERM	62	指定	1,206,361	0
TERM	63	形式	1,209,366	0
TERM	64	入力ファイル	1,211,368	0
TERM	65	形式の入力ファイル	1,209,366	0
TERM	66	アップロード	1,214,374	0
TERM	67	希望	1,217,383	0
TERM	68	結果ファイル	1,224,396	0
TERM	69	ダウンロード	1,227,402	0
TERM	70	結果ファイルのダウンロード	1,224,396	0
REL	32	36	3
REL	33	36	3
REL	34	36	3
REL	33	34	5
REL	36	38	5
REL	52	39	4
REL	32	38	3
REL	33	38	3
REL	34	38	3
