TERM	0	文字列正規化パタン	0,0,0	0
TERM	1	文字列正規化パタン	1,130,216	2
TERM	2	獲得	0,6,9	0
TERM	3	文字列正規化パタンの獲得	0,0,0	0
TERM	4	表記正規化	0,9,14	0
TERM	5	表記正規化	1,70,115	0
TERM	6	日本語形態素解析	0,14,23	0
TERM	7	ソーシャルメディア等	1,0,0	0
TERM	8	日本語	1,5,13	0
TERM	9	解析	1,8,16	0
TERM	10	解析	1,66,108	0
TERM	11	日本語の解析	1,5,13	0
TERM	12	形態素解析辞書	1,13,24	0
TERM	13	存在	1,18,32	0
TERM	14	存在	1,41,70	0
TERM	15	語	1,21,37	0
TERM	16	出現	1,24,41	0
TERM	17	ため解析誤り	1,26,45	0
TERM	18	新聞等	1,30,52	0
TERM	19	テキスト	1,33,55	0
TERM	20	増加	1,36,62	0
TERM	21	辞書	1,39,67	0
TERM	22	未知語	1,44,75	0
TERM	23	中	1,47,78	0
TERM	24	辞書語	1,51,85	0
TERM	25	辞書語	1,142,235	0
TERM	26	派生	1,55,91	0
TERM	27	正規形	1,60,99	0
TERM	28	考慮	1,63,102	0
TERM	29	正規形の考慮	1,60,99	0
TERM	30	同時解析	1,75,122	0
TERM	31	有効性	1,78,126	0
TERM	32	確認	1,81,130	0
TERM	33	本研究	1,86,138	0
TERM	34	焦点	1,93,148	0
TERM	35	文字列	1,100,162	0
TERM	36	文字列	1,114,190	0
TERM	37	正規化パタン獲得	1,103,165	0
TERM	38	文字列の正規化パタン獲得	1,100,162	0
TERM	39	着目	1,108,174	0
TERM	40	アノテーションデータ	1,111,178	1
TERM	41	正規化パタン	1,117,193	2
TERM	42	統計	1,121,199	0
TERM	43	統計	1,126,208	0
TERM	44	正規化パタンの統計	1,117,193	0
TERM	45	抽出	1,123,203	0
TERM	46	抽出	1,128,212	0
TERM	47	文字種正規化	1,136,226	3
TERM	48	候補	1,145,238	0
TERM	49	拡張	1,147,240	0
TERM	50	候補の拡張	1,145,238	3
TERM	51	形態素解析	1,149,243	3
TERM	52	結果	1,154,251	0
TERM	53	従来法	1,156,254	0
TERM	54	再現率	1,160,260	0
TERM	55	精度ともに	1,163,264	0
TERM	56	解析結果	1,166,271	0
TERM	57	こと	1,170,277	0
REL	40	41	1
REL	41	1	5
REL	1	50	2
REL	47	50	4
REL	50	51	3
